graph obj8_105 {
	_1	 [dim=64,
		histo1="0.966271",
		histo10=0,
		histo11=0,
		histo12=0,
		histo13=0,
		histo14=0,
		histo15=0,
		histo16=0,
		histo17=0,
		histo18=0,
		histo19=0,
		histo2="0.000424268",
		histo20=0,
		histo21="0.000848536",
		histo22="0.0102885",
		histo23="0.000212134",
		histo24=0,
		histo25=0,
		histo26="0.00169707",
		histo27="0.00307594",
		histo28=0,
		histo29=0,
		histo3=0,
		histo30=0,
		histo31=0,
		histo32=0,
		histo33=0,
		histo34=0,
		histo35=0,
		histo36=0,
		histo37=0,
		histo38="0.000106067",
		histo39=0,
		histo4=0,
		histo40=0,
		histo41=0,
		histo42="0.00106067",
		histo43="0.000530335",
		histo44=0,
		histo45=0,
		histo46=0,
		histo47=0,
		histo48=0,
		histo49=0,
		histo5="0.00975817",
		histo50=0,
		histo51=0,
		histo52=0,
		histo53=0,
		histo54=0,
		histo55=0,
		histo56=0,
		histo57=0,
		histo58=0,
		histo59=0,
		histo6="0.00572762",
		histo60=0,
		histo61=0,
		histo62=0,
		histo63=0,
		histo64=0,
		histo7=0,
		histo8=0,
		histo9=0];
	_2	 [dim=64,
		histo1="0.08295",
		histo10="0.205147",
		histo11="0.0359402",
		histo12="0.00531915",
		histo13=0,
		histo14="0.00632547",
		histo15=0,
		histo16="0.00675676",
		histo17=0,
		histo18=0,
		histo19=0,
		histo2="0.00129385",
		histo20=0,
		histo21="0.00143761",
		histo22="0.00862565",
		histo23="0.000431282",
		histo24=0,
		histo25="0.000143761",
		histo26="0.100633",
		histo27="0.0652674",
		histo28="0.00531915",
		histo29=0,
		histo3=0,
		histo30="0.00934445",
		histo31="0.00790684",
		histo32="0.033065",
		histo33=0,
		histo34=0,
		histo35=0,
		histo36=0,
		histo37=0,
		histo38=0,
		histo39=0,
		histo4=0,
		histo40=0,
		histo41=0,
		histo42="0.00172513",
		histo43="0.00287522",
		histo44=0,
		histo45=0,
		histo46=0,
		histo47="0.00230017",
		histo48="0.00201265",
		histo49=0,
		histo5="0.311242",
		histo50=0,
		histo51=0,
		histo52=0,
		histo53=0,
		histo54=0,
		histo55=0,
		histo56=0,
		histo57=0,
		histo58=0,
		histo59=0,
		histo6="0.0675676",
		histo60=0,
		histo61=0,
		histo62=0,
		histo63=0,
		histo64=0,
		histo7="0.00316274",
		histo8=0,
		histo9="0.0332087"];
	_1 -- _2	 [boundary=624];
}
