graph obj91_150 {
	_1	 [dim=64,
		histo1="0.914652",
		histo10=0,
		histo11=0,
		histo12=0,
		histo13=0,
		histo14=0,
		histo15=0,
		histo16=0,
		histo17="7.37028e-05",
		histo18="0.000442217",
		histo19="0.000958137",
		histo2="0.00825472",
		histo20="0.0294074",
		histo21="0.000147406",
		histo22="0.00390625",
		histo23="0.00795991",
		histo24="0.0105395",
		histo25=0,
		histo26=0,
		histo27="0.000221108",
		histo28="0.000221108",
		histo29=0,
		histo3="0.00243219",
		histo30=0,
		histo31=0,
		histo32=0,
		histo33=0,
		histo34=0,
		histo35=0,
		histo36="0.00950767",
		histo37=0,
		histo38=0,
		histo39=0,
		histo4="0.00184257",
		histo40="0.0025059",
		histo41=0,
		histo42=0,
		histo43="0.000147406",
		histo44="0.00051592",
		histo45=0,
		histo46=0,
		histo47=0,
		histo48=0,
		histo49=0,
		histo5="0.000147406",
		histo50=0,
		histo51=0,
		histo52=0,
		histo53=0,
		histo54=0,
		histo55=0,
		histo56=0,
		histo57=0,
		histo58=0,
		histo59=0,
		histo6="0.00390625",
		histo60=0,
		histo61=0,
		histo62=0,
		histo63=0,
		histo64=0,
		histo7="0.00221108",
		histo8=0,
		histo9=0];
	_2	 [dim=64,
		histo1="0.0287642",
		histo10=0,
		histo11="0.0685369",
		histo12="0.311435",
		histo13=0,
		histo14=0,
		histo15=0,
		histo16="0.0255682",
		histo17=0,
		histo18=0,
		histo19=0,
		histo2="0.084517",
		histo20=0,
		histo21=0,
		histo22=0,
		histo23="0.00390625",
		histo24="0.0195312",
		histo25=0,
		histo26=0,
		histo27="0.0166903",
		histo28="0.0284091",
		histo29=0,
		histo3="0.00461648",
		histo30=0,
		histo31=0,
		histo32="0.0120739",
		histo33=0,
		histo34=0,
		histo35=0,
		histo36=0,
		histo37=0,
		histo38=0,
		histo39=0,
		histo4=0,
		histo40=0,
		histo41=0,
		histo42=0,
		histo43=0,
		histo44="0.00710227",
		histo45=0,
		histo46=0,
		histo47=0,
		histo48="0.00284091",
		histo49=0,
		histo5=0,
		histo50=0,
		histo51=0,
		histo52=0,
		histo53=0,
		histo54=0,
		histo55=0,
		histo56=0,
		histo57=0,
		histo58=0,
		histo59=0,
		histo6="0.111506",
		histo60=0,
		histo61=0,
		histo62=0,
		histo63=0,
		histo64=0,
		histo7="0.268821",
		histo8="0.00568182",
		histo9=0];
	_1 -- _2	 [boundary=517];
}
