graph obj81_0 {
	_1	 [dim=64,
		histo1="0.672363",
		histo10=0,
		histo11=0,
		histo12=0,
		histo13=0,
		histo14=0,
		histo15=0,
		histo16=0,
		histo17="0.000549316",
		histo18="0.00476074",
		histo19="0.00543213",
		histo2="0.102844",
		histo20=0,
		histo21="0.000610352",
		histo22="0.0838623",
		histo23="0.0304565",
		histo24=0,
		histo25=0,
		histo26="0.000549316",
		histo27="0.0178223",
		histo28=0,
		histo29=0,
		histo3="0.000549316",
		histo30=0,
		histo31=0,
		histo32=0,
		histo33=0,
		histo34=0,
		histo35=0,
		histo36=0,
		histo37=0,
		histo38="0.000244141",
		histo39=0,
		histo4=0,
		histo40=0,
		histo41=0,
		histo42=0,
		histo43="0.0177612",
		histo44="0.0032959",
		histo45=0,
		histo46=0,
		histo47=0,
		histo48="0.00457764",
		histo49=0,
		histo5="0.00738525",
		histo50=0,
		histo51=0,
		histo52=0,
		histo53=0,
		histo54=0,
		histo55=0,
		histo56=0,
		histo57=0,
		histo58=0,
		histo59="6.10352e-05",
		histo6="0.0402832",
		histo60=0,
		histo61=0,
		histo62=0,
		histo63=0,
		histo64="0.00213623",
		histo7="0.00445557",
		histo8=0,
		histo9=0];
}
