graph obj87_75 {
	_1	 [dim=64,
		histo1="0.844723",
		histo10=0,
		histo11=0,
		histo12=0,
		histo13=0,
		histo14=0,
		histo15=0,
		histo16=0,
		histo17="0.0753824",
		histo18="0.0083636",
		histo19="0.000110047",
		histo2="0.0104545",
		histo20=0,
		histo21="0.0259712",
		histo22="0.0250908",
		histo23="0.000220095",
		histo24=0,
		histo25=0,
		histo26=0,
		histo27=0,
		histo28=0,
		histo29=0,
		histo3="0.000440189",
		histo30=0,
		histo31=0,
		histo32=0,
		histo33="0.00308132",
		histo34=0,
		histo35=0,
		histo36=0,
		histo37="0.00198085",
		histo38=0,
		histo39=0,
		histo4=0,
		histo40=0,
		histo41=0,
		histo42=0,
		histo43=0,
		histo44=0,
		histo45=0,
		histo46=0,
		histo47=0,
		histo48=0,
		histo49=0,
		histo5="0.000220095",
		histo50=0,
		histo51=0,
		histo52=0,
		histo53=0,
		histo54=0,
		histo55=0,
		histo56=0,
		histo57=0,
		histo58=0,
		histo59=0,
		histo6="0.00385166",
		histo60=0,
		histo61=0,
		histo62=0,
		histo63=0,
		histo64=0,
		histo7="0.000110047",
		histo8=0,
		histo9=0];
	_2	 [dim=64,
		histo1=0,
		histo10=0,
		histo11=0,
		histo12=0,
		histo13=0,
		histo14=0,
		histo15=0,
		histo16=0,
		histo17="0.000137043",
		histo18="0.000137043",
		histo19="0.000411128",
		histo2=0,
		histo20="0.000274085",
		histo21="0.0106893",
		histo22="0.174592",
		histo23="0.0790736",
		histo24="0.00178155",
		histo25=0,
		histo26="0.000137043",
		histo27="0.00424832",
		histo28=0,
		histo29=0,
		histo3="0.000274085",
		histo30=0,
		histo31=0,
		histo32=0,
		histo33=0,
		histo34=0,
		histo35=0,
		histo36=0,
		histo37="0.00397424",
		histo38="0.0660545",
		histo39="0.0227491",
		histo4=0,
		histo40="0.00507058",
		histo41=0,
		histo42="0.0204193",
		histo43="0.29519",
		histo44="0.0404276",
		histo45=0,
		histo46=0,
		histo47="0.000137043",
		histo48="0.000274085",
		histo49=0,
		histo5=0,
		histo50=0,
		histo51=0,
		histo52=0,
		histo53=0,
		histo54=0,
		histo55=0,
		histo56=0,
		histo57=0,
		histo58=0,
		histo59="0.0263122",
		histo6="0.000137043",
		histo60="0.0261751",
		histo61=0,
		histo62=0,
		histo63="0.0113745",
		histo64="0.209812",
		histo7="0.000137043",
		histo8=0,
		histo9=0];
	_1 -- _2	 [boundary=930];
}
