graph obj52_345 {
	_1	 [dim=64,
		histo1="0.849603",
		histo10="0.0131231",
		histo11=0,
		histo12=0,
		histo13=0,
		histo14=0,
		histo15=0,
		histo16=0,
		histo17="0.00103852",
		histo18="0.000755287",
		histo19="9.44109e-05",
		histo2="0.023886",
		histo20=0,
		histo21="0.00292674",
		histo22="0.0147281",
		histo23="0.012179",
		histo24="0.000849698",
		histo25=0,
		histo26="0.0016994",
		histo27="0.00188822",
		histo28="0.000472054",
		histo29=0,
		histo3="0.000188822",
		histo30=0,
		histo31=0,
		histo32=0,
		histo33=0,
		histo34=0,
		histo35=0,
		histo36=0,
		histo37="0.00103852",
		histo38="0.00188822",
		histo39="0.00113293",
		histo4=0,
		histo40="0.000283233",
		histo41=0,
		histo42=0,
		histo43="0.00981873",
		histo44="0.0106684",
		histo45=0,
		histo46=0,
		histo47=0,
		histo48=0,
		histo49=0,
		histo5="0.0263406",
		histo50=0,
		histo51=0,
		histo52=0,
		histo53=0,
		histo54=0,
		histo55=0,
		histo56=0,
		histo57=0,
		histo58=0,
		histo59="0.000660876",
		histo6="0.0172772",
		histo60="0.00160498",
		histo61=0,
		histo62=0,
		histo63=0,
		histo64="0.00311556",
		histo7="0.00103852",
		histo8=0,
		histo9="0.0016994"];
	_2	 [dim=64,
		histo1="0.00535221",
		histo10=0,
		histo11=0,
		histo12=0,
		histo13=0,
		histo14=0,
		histo15=0,
		histo16=0,
		histo17=0,
		histo18=0,
		histo19=0,
		histo2="0.0797652",
		histo20=0,
		histo21=0,
		histo22=0,
		histo23="0.00587017",
		histo24="0.0970304",
		histo25=0,
		histo26=0,
		histo27=0,
		histo28="0.00241713",
		histo29=0,
		histo3="0.148481",
		histo30=0,
		histo31=0,
		histo32=0,
		histo33=0,
		histo34=0,
		histo35=0,
		histo36=0,
		histo37=0,
		histo38=0,
		histo39=0,
		histo4="0.187673",
		histo40="0.000172652",
		histo41=0,
		histo42=0,
		histo43=0,
		histo44="0.00414365",
		histo45=0,
		histo46=0,
		histo47=0,
		histo48=0,
		histo49=0,
		histo5=0,
		histo50=0,
		histo51=0,
		histo52=0,
		histo53=0,
		histo54=0,
		histo55=0,
		histo56=0,
		histo57=0,
		histo58=0,
		histo59=0,
		histo6="0.000690608",
		histo60=0,
		histo61=0,
		histo62=0,
		histo63=0,
		histo64=0,
		histo7="0.015366",
		histo8="0.453039",
		histo9=0];
	_1 -- _2	 [boundary=827];
}
