graph obj27_180 {
	_1	 [dim=64,
		histo1="0.953041",
		histo10=0,
		histo11=0,
		histo12=0,
		histo13=0,
		histo14=0,
		histo15=0,
		histo16=0,
		histo17=0,
		histo18=0,
		histo19=0,
		histo2="0.0153765",
		histo20=0,
		histo21="7.5375e-05",
		histo22="0.00497475",
		histo23="0.00015075",
		histo24=0,
		histo25=0,
		histo26="0.001809",
		histo27="7.5375e-05",
		histo28=0,
		histo29=0,
		histo3="0.0140197",
		histo30=0,
		histo31=0,
		histo32=0,
		histo33=0,
		histo34=0,
		histo35=0,
		histo36=0,
		histo37=0,
		histo38=0,
		histo39=0,
		histo4="0.00248737",
		histo40=0,
		histo41=0,
		histo42="0.0003015",
		histo43="0.00158287",
		histo44=0,
		histo45=0,
		histo46=0,
		histo47="0.000527625",
		histo48="7.5375e-05",
		histo49=0,
		histo5="0.001206",
		histo50=0,
		histo51=0,
		histo52=0,
		histo53=0,
		histo54=0,
		histo55=0,
		histo56=0,
		histo57=0,
		histo58=0,
		histo59=0,
		histo6="0.00369337",
		histo60=0,
		histo61=0,
		histo62=0,
		histo63=0,
		histo64="0.000226125",
		histo7="0.000376875",
		histo8=0,
		histo9=0];
	_2	 [dim=64,
		histo1="0.0811678",
		histo10="0.0243824",
		histo11=0,
		histo12=0,
		histo13="0.127687",
		histo14="0.000641643",
		histo15=0,
		histo16=0,
		histo17=0,
		histo18=0,
		histo19=0,
		histo2="0.000320821",
		histo20=0,
		histo21="0.00160411",
		histo22="0.000641643",
		histo23=0,
		histo24=0,
		histo25="0.0680141",
		histo26="0.0429901",
		histo27=0,
		histo28=0,
		histo29="0.0192493",
		histo3=0,
		histo30="0.008983",
		histo31="0.000641643",
		histo32=0,
		histo33=0,
		histo34=0,
		histo35=0,
		histo36=0,
		histo37=0,
		histo38=0,
		histo39=0,
		histo4=0,
		histo40=0,
		histo41=0,
		histo42="0.000641643",
		histo43="0.00160411",
		histo44=0,
		histo45=0,
		histo46="0.0105871",
		histo47="0.00256657",
		histo48=0,
		histo49=0,
		histo5="0.227462",
		histo50=0,
		histo51=0,
		histo52=0,
		histo53=0,
		histo54=0,
		histo55=0,
		histo56=0,
		histo57=0,
		histo58=0,
		histo59=0,
		histo6="0.0153994",
		histo60=0,
		histo61=0,
		histo62=0,
		histo63=0,
		histo64=0,
		histo7="0.000320821",
		histo8=0,
		histo9="0.365095"];
	_1 -- _2	 [boundary=520];
}
