graph obj76_165 {
	_1	 [dim=64,
		histo1="0.808533",
		histo10=0,
		histo11=0,
		histo12="0.00402832",
		histo13=0,
		histo14=0,
		histo15=0,
		histo16=0,
		histo17=0,
		histo18="0.000366211",
		histo19="0.000244141",
		histo2="0.0360107",
		histo20="0.00213623",
		histo21=0,
		histo22="0.00219727",
		histo23="0.00146484",
		histo24="0.0184937",
		histo25=0,
		histo26="6.10352e-05",
		histo27="6.10352e-05",
		histo28="0.0125732",
		histo29=0,
		histo3="0.0251465",
		histo30=0,
		histo31=0,
		histo32=0,
		histo33=0,
		histo34=0,
		histo35=0,
		histo36=0,
		histo37=0,
		histo38=0,
		histo39=0,
		histo4="0.0213623",
		histo40=0,
		histo41=0,
		histo42="6.10352e-05",
		histo43="0.000305176",
		histo44="0.000427246",
		histo45=0,
		histo46=0,
		histo47="6.10352e-05",
		histo48=0,
		histo49=0,
		histo5="6.10352e-05",
		histo50=0,
		histo51=0,
		histo52=0,
		histo53=0,
		histo54=0,
		histo55=0,
		histo56=0,
		histo57=0,
		histo58=0,
		histo59=0,
		histo6="0.000183105",
		histo60=0,
		histo61=0,
		histo62=0,
		histo63=0,
		histo64=0,
		histo7="0.00250244",
		histo8="0.0637207",
		histo9=0];
}
