graph obj98_285 {
	_1	 [dim=64,
		histo1="0.880832",
		histo10=0,
		histo11=0,
		histo12=0,
		histo13=0,
		histo14=0,
		histo15=0,
		histo16=0,
		histo17=0,
		histo18="0.000258498",
		histo19="0.000129249",
		histo2=0,
		histo20=0,
		histo21="0.000258498",
		histo22="0.0175779",
		histo23="0.0117617",
		histo24=0,
		histo25=0,
		histo26="0.00840119",
		histo27="0.00323123",
		histo28=0,
		histo29=0,
		histo3=0,
		histo30=0,
		histo31=0,
		histo32=0,
		histo33=0,
		histo34=0,
		histo35=0,
		histo36=0,
		histo37=0,
		histo38=0,
		histo39="0.00297273",
		histo4=0,
		histo40="0.00155099",
		histo41=0,
		histo42="0.00219723",
		histo43="0.0267546",
		histo44="0.0103399",
		histo45=0,
		histo46=0,
		histo47="0.00129249",
		histo48="0.000775494",
		histo49=0,
		histo5="0.0173194",
		histo50=0,
		histo51=0,
		histo52=0,
		histo53=0,
		histo54=0,
		histo55=0,
		histo56=0,
		histo57=0,
		histo58=0,
		histo59=0,
		histo6="0.0112447",
		histo60="0.00116324",
		histo61=0,
		histo62=0,
		histo63="0.000129249",
		histo64="0.00180949",
		histo7=0,
		histo8=0,
		histo9=0];
	_2	 [dim=64,
		histo1="0.0674222",
		histo10="0.304961",
		histo11="0.0433676",
		histo12=0,
		histo13=0,
		histo14="0.000115647",
		histo15="0.0134151",
		histo16=0,
		histo17=0,
		histo18=0,
		histo19=0,
		histo2="0.000115647",
		histo20=0,
		histo21=0,
		histo22="0.013762",
		histo23="0.000231294",
		histo24=0,
		histo25=0,
		histo26="0.0553949",
		histo27="0.0323812",
		histo28=0,
		histo29=0,
		histo3=0,
		histo30=0,
		histo31="0.00994565",
		histo32=0,
		histo33=0,
		histo34=0,
		histo35=0,
		histo36=0,
		histo37=0,
		histo38=0,
		histo39=0,
		histo4=0,
		histo40=0,
		histo41=0,
		histo42="0.000115647",
		histo43="0.00346941",
		histo44="0.00161906",
		histo45=0,
		histo46=0,
		histo47=0,
		histo48="0.000693882",
		histo49=0,
		histo5="0.115069",
		histo50=0,
		histo51=0,
		histo52=0,
		histo53=0,
		histo54=0,
		histo55=0,
		histo56=0,
		histo57=0,
		histo58=0,
		histo59=0,
		histo6="0.337805",
		histo60=0,
		histo61=0,
		histo62=0,
		histo63=0,
		histo64=0,
		histo7="0.000115647",
		histo8=0,
		histo9=0];
	_1 -- _2	 [boundary=845];
}
