graph obj91_180 {
	_1	 [dim=64,
		histo1="0.917481",
		histo10=0,
		histo11=0,
		histo12=0,
		histo13=0,
		histo14=0,
		histo15=0,
		histo16=0,
		histo17=0,
		histo18="0.000291588",
		histo19="0.000801866",
		histo2="0.011299",
		histo20="0.0237644",
		histo21="7.28969e-05",
		histo22="0.00342616",
		histo23="0.0046654",
		histo24="0.0165476",
		histo25=0,
		histo26=0,
		histo27="0.000364485",
		histo28="0.000218691",
		histo29=0,
		histo3="0.00123925",
		histo30=0,
		histo31=0,
		histo32=0,
		histo33=0,
		histo34=0,
		histo35=0,
		histo36="0.0101327",
		histo37=0,
		histo38=0,
		histo39="7.28969e-05",
		histo4="7.28969e-05",
		histo40="0.00204111",
		histo41=0,
		histo42=0,
		histo43="0.000583175",
		histo44="0.000218691",
		histo45=0,
		histo46=0,
		histo47=0,
		histo48=0,
		histo49=0,
		histo5=0,
		histo50=0,
		histo51=0,
		histo52=0,
		histo53=0,
		histo54=0,
		histo55=0,
		histo56=0,
		histo57=0,
		histo58=0,
		histo59=0,
		histo6="0.00539437",
		histo60=0,
		histo61=0,
		histo62=0,
		histo63="7.28969e-05",
		histo64="0.000218691",
		histo7="0.00102056",
		histo8=0,
		histo9=0];
	_2	 [dim=64,
		histo1="0.0101275",
		histo10=0,
		histo11="0.0270068",
		histo12="0.382971",
		histo13=0,
		histo14=0,
		histo15=0,
		histo16="0.0213803",
		histo17=0,
		histo18=0,
		histo19=0,
		histo2="0.103526",
		histo20=0,
		histo21=0,
		histo22=0,
		histo23="0.00337584",
		histo24="0.00825206",
		histo25=0,
		histo26=0,
		histo27="0.0165041",
		histo28="0.0363841",
		histo29=0,
		histo3="0.00337584",
		histo30=0,
		histo31=0,
		histo32="0.00900225",
		histo33=0,
		histo34=0,
		histo35=0,
		histo36=0,
		histo37=0,
		histo38=0,
		histo39=0,
		histo4="0.000750188",
		histo40=0,
		histo41=0,
		histo42=0,
		histo43=0,
		histo44=0,
		histo45=0,
		histo46=0,
		histo47=0,
		histo48=0,
		histo49=0,
		histo5=0,
		histo50=0,
		histo51=0,
		histo52=0,
		histo53=0,
		histo54=0,
		histo55=0,
		histo56=0,
		histo57=0,
		histo58=0,
		histo59=0,
		histo6="0.105401",
		histo60=0,
		histo61=0,
		histo62=0,
		histo63=0,
		histo64=0,
		histo7="0.258815",
		histo8="0.0131283",
		histo9=0];
	_1 -- _2	 [boundary=494];
}
