graph obj8_345 {
	_1	 [dim=64,
		histo1="0.949339",
		histo10=0,
		histo11=0,
		histo12=0,
		histo13=0,
		histo14=0,
		histo15=0,
		histo16=0,
		histo17=0,
		histo18="7.55002e-05",
		histo19=0,
		histo2="0.00256701",
		histo20=0,
		histo21="0.0018875",
		histo22="0.019026",
		histo23="0.000830502",
		histo24=0,
		histo25=0,
		histo26="0.00324651",
		histo27="0.000755002",
		histo28=0,
		histo29=0,
		histo3=0,
		histo30=0,
		histo31=0,
		histo32=0,
		histo33=0,
		histo34=0,
		histo35=0,
		histo36=0,
		histo37=0,
		histo38="0.000604002",
		histo39=0,
		histo4=0,
		histo40=0,
		histo41=0,
		histo42="0.000830502",
		histo43="0.00256701",
		histo44="0.000226501",
		histo45=0,
		histo46=0,
		histo47="0.000302001",
		histo48="0.000151",
		histo49=0,
		histo5="0.00921102",
		histo50=0,
		histo51=0,
		histo52=0,
		histo53=0,
		histo54=0,
		histo55=0,
		histo56=0,
		histo57=0,
		histo58=0,
		histo59=0,
		histo6="0.00777652",
		histo60=0,
		histo61=0,
		histo62=0,
		histo63="7.55002e-05",
		histo64="0.000528501",
		histo7=0,
		histo8=0,
		histo9=0];
	_2	 [dim=64,
		histo1="0.0363173",
		histo10="0.0942976",
		histo11="0.167888",
		histo12="0.0436445",
		histo13=0,
		histo14="0.000318573",
		histo15="0.00446002",
		histo16="0.0586174",
		histo17=0,
		histo18=0,
		histo19=0,
		histo2="0.0149729",
		histo20=0,
		histo21=0,
		histo22="0.00605288",
		histo23="0.00541574",
		histo24=0,
		histo25=0,
		histo26="0.0786875",
		histo27="0.0923861",
		histo28="0.0140172",
		histo29=0,
		histo3=0,
		histo30="0.0124243",
		histo31="0.0162472",
		histo32="0.0446002",
		histo33=0,
		histo34=0,
		histo35=0,
		histo36=0,
		histo37=0,
		histo38=0,
		histo39=0,
		histo4=0,
		histo40=0,
		histo41=0,
		histo42=0,
		histo43="0.00286716",
		histo44="0.000637146",
		histo45=0,
		histo46="0.000318573",
		histo47="0.0117872",
		histo48="0.00159286",
		histo49=0,
		histo5="0.112138",
		histo50=0,
		histo51=0,
		histo52=0,
		histo53=0,
		histo54=0,
		histo55=0,
		histo56=0,
		histo57=0,
		histo58=0,
		histo59=0,
		histo6="0.116279",
		histo60=0,
		histo61=0,
		histo62=0,
		histo63=0,
		histo64="0.000318573",
		histo7="0.0430073",
		histo8=0,
		histo9="0.0207072"];
	_1 -- _2	 [boundary=687];
}
