graph obj17_285 {
	_1	 [dim=64,
		histo1="0.950479",
		histo10=0,
		histo11=0,
		histo12=0,
		histo13=0,
		histo14=0,
		histo15=0,
		histo16=0,
		histo17="0.0140658",
		histo18=0,
		histo19=0,
		histo2="0.00640866",
		histo20=0,
		histo21="0.00732418",
		histo22="0.0019975",
		histo23=0,
		histo24=0,
		histo25=0,
		histo26="8.32293e-05",
		histo27="0.000582605",
		histo28=0,
		histo29=0,
		histo3=0,
		histo30=0,
		histo31=0,
		histo32=0,
		histo33=0,
		histo34=0,
		histo35=0,
		histo36=0,
		histo37="0.00715772",
		histo38="0.00108198",
		histo39=0,
		histo4=0,
		histo40=0,
		histo41="8.32293e-05",
		histo42="0.000582605",
		histo43="0.000499376",
		histo44="0.000332917",
		histo45=0,
		histo46=0,
		histo47=0,
		histo48="0.0014149",
		histo49=0,
		histo5="0.000166459",
		histo50=0,
		histo51=0,
		histo52=0,
		histo53="0.000332917",
		histo54=0,
		histo55=0,
		histo56=0,
		histo57="8.32293e-05",
		histo58="8.32293e-05",
		histo59="8.32293e-05",
		histo6="0.00565959",
		histo60=0,
		histo61=0,
		histo62=0,
		histo63="0.000416146",
		histo64="0.00108198",
		histo7=0,
		histo8=0,
		histo9=0];
	_2	 [dim=64,
		histo1="0.0203708",
		histo10=0,
		histo11="0.0732433",
		histo12="0.318608",
		histo13=0,
		histo14=0,
		histo15=0,
		histo16="0.0125887",
		histo17=0,
		histo18=0,
		histo19=0,
		histo2="0.0453193",
		histo20=0,
		histo21=0,
		histo22="0.000228885",
		histo23="0.00114443",
		histo24=0,
		histo25=0,
		histo26=0,
		histo27="0.00846876",
		histo28="0.0226596",
		histo29=0,
		histo3="0.0130465",
		histo30=0,
		histo31=0,
		histo32="0.00228885",
		histo33=0,
		histo34=0,
		histo35=0,
		histo36=0,
		histo37=0,
		histo38=0,
		histo39=0,
		histo4=0,
		histo40=0,
		histo41=0,
		histo42=0,
		histo43=0,
		histo44="0.00114443",
		histo45=0,
		histo46=0,
		histo47=0,
		histo48="0.00434882",
		histo49=0,
		histo5=0,
		histo50=0,
		histo51=0,
		histo52=0,
		histo53=0,
		histo54=0,
		histo55=0,
		histo56=0,
		histo57=0,
		histo58=0,
		histo59=0,
		histo6="0.101625",
		histo60=0,
		histo61=0,
		histo62=0,
		histo63=0,
		histo64=0,
		histo7="0.364843",
		histo8="0.010071",
		histo9=0];
	_1 -- _2	 [boundary=493];
}
