graph obj54_300 {
	_1	 [dim=64,
		histo1="0.906676",
		histo10=0,
		histo11=0,
		histo12=0,
		histo13=0,
		histo14=0,
		histo15=0,
		histo16=0,
		histo17="0.0001703",
		histo18=0,
		histo19="0.0001703",
		histo2="0.00664169",
		histo20=0,
		histo21="0.00425749",
		histo22="0.0114101",
		histo23="0.0110695",
		histo24="0.00630109",
		histo25=0,
		histo26="0.0028951",
		histo27="0.0018733",
		histo28="0.001703",
		histo29=0,
		histo3="0.00391689",
		histo30=0,
		histo31=0,
		histo32=0,
		histo33=0,
		histo34=0,
		histo35=0,
		histo36=0,
		histo37=0,
		histo38=0,
		histo39=0,
		histo4="0.000340599",
		histo40=0,
		histo41=0,
		histo42=0,
		histo43=0,
		histo44="0.000510899",
		histo45=0,
		histo46=0,
		histo47=0,
		histo48=0,
		histo49=0,
		histo5="0.0166894",
		histo50=0,
		histo51=0,
		histo52=0,
		histo53=0,
		histo54=0,
		histo55=0,
		histo56=0,
		histo57=0,
		histo58=0,
		histo59=0,
		histo6="0.0226499",
		histo60=0,
		histo61=0,
		histo62=0,
		histo63=0,
		histo64=0,
		histo7="0.0027248",
		histo8=0,
		histo9=0];
	_2	 [dim=64,
		histo1="0.0691591",
		histo10="0.00599315",
		histo11="0.277207",
		histo12="0.0430936",
		histo13=0,
		histo14=0,
		histo15="0.00123668",
		histo16="0.0326294",
		histo17=0,
		histo18=0,
		histo19=0,
		histo2="0.0150304",
		histo20=0,
		histo21=0,
		histo22="0.000665906",
		histo23="0.00275875",
		histo24="0.000856164",
		histo25=0,
		histo26="0.00256849",
		histo27="0.0334855",
		histo28="0.00466134",
		histo29=0,
		histo3="0.00703957",
		histo30=0,
		histo31=0,
		histo32="0.000475647",
		histo33=0,
		histo34=0,
		histo35=0,
		histo36=0,
		histo37=0,
		histo38=0,
		histo39=0,
		histo4="0.000190259",
		histo40=0,
		histo41=0,
		histo42=0,
		histo43=0,
		histo44=0,
		histo45=0,
		histo46=0,
		histo47=0,
		histo48=0,
		histo49=0,
		histo5="0.0225457",
		histo50=0,
		histo51=0,
		histo52=0,
		histo53=0,
		histo54=0,
		histo55=0,
		histo56=0,
		histo57=0,
		histo58=0,
		histo59=0,
		histo6="0.384989",
		histo60=0,
		histo61=0,
		histo62=0,
		histo63=0,
		histo64=0,
		histo7="0.0933219",
		histo8="0.00209285",
		histo9=0];
	_1 -- _2	 [boundary=887];
}
