graph obj54_15 {
	_1	 [dim=64,
		histo1="0.87339",
		histo10=0,
		histo11=0,
		histo12=0,
		histo13=0,
		histo14=0,
		histo15=0,
		histo16=0,
		histo17="0.000121507",
		histo18=0,
		histo19=0,
		histo2="0.0126367",
		histo20=0,
		histo21="0.00036452",
		histo22="0.00886999",
		histo23="0.00874848",
		histo24="0.00425273",
		histo25=0,
		histo26="0.00036452",
		histo27="0.00522479",
		histo28="0.00072904",
		histo29=0,
		histo3="0.0302552",
		histo30=0,
		histo31=0,
		histo32=0,
		histo33=0,
		histo34=0,
		histo35=0,
		histo36=0,
		histo37=0,
		histo38=0,
		histo39=0,
		histo4="0.000243013",
		histo40=0,
		histo41=0,
		histo42=0,
		histo43="0.000850547",
		histo44=0,
		histo45=0,
		histo46=0,
		histo47=0,
		histo48=0,
		histo49=0,
		histo5="0.0122722",
		histo50=0,
		histo51=0,
		histo52=0,
		histo53=0,
		histo54=0,
		histo55=0,
		histo56=0,
		histo57=0,
		histo58=0,
		histo59=0,
		histo6="0.0267315",
		histo60=0,
		histo61=0,
		histo62=0,
		histo63=0,
		histo64=0,
		histo7="0.0147023",
		histo8="0.000243013",
		histo9=0];
	_2	 [dim=64,
		histo1="0.0453765",
		histo10="0.00257542",
		histo11="0.175987",
		histo12="0.0448859",
		histo13=0,
		histo14=0,
		histo15="0.000613196",
		histo16="0.0316409",
		histo17=0,
		histo18=0,
		histo19=0,
		histo2="0.0240373",
		histo20=0,
		histo21=0,
		histo22="0.00147167",
		histo23="0.00122639",
		histo24="0.00269806",
		histo25=0,
		histo26="0.000613196",
		histo27="0.0280844",
		histo28="0.00551876",
		histo29=0,
		histo3="0.00760363",
		histo30=0,
		histo31="0.00110375",
		histo32="0.000858474",
		histo33=0,
		histo34=0,
		histo35=0,
		histo36=0,
		histo37=0,
		histo38=0,
		histo39=0,
		histo4="0.000122639",
		histo40=0,
		histo41=0,
		histo42=0,
		histo43=0,
		histo44=0,
		histo45=0,
		histo46=0,
		histo47=0,
		histo48=0,
		histo49=0,
		histo5="0.0096885",
		histo50=0,
		histo51=0,
		histo52=0,
		histo53=0,
		histo54=0,
		histo55=0,
		histo56=0,
		histo57=0,
		histo58=0,
		histo59=0,
		histo6="0.347682",
		histo60=0,
		histo61=0,
		histo62=0,
		histo63=0,
		histo64=0,
		histo7="0.262816",
		histo8="0.00539612",
		histo9=0];
	_1 -- _2	 [boundary=1077];
}
