graph obj67_0 {
	_1	 [dim=64,
		histo1="0.782288",
		histo10=0,
		histo11=0,
		histo12=0,
		histo13=0,
		histo14=0,
		histo15=0,
		histo16=0,
		histo17="0.00231934",
		histo18="0.00115967",
		histo19="0.000183105",
		histo2="0.00427246",
		histo20=0,
		histo21="0.000732422",
		histo22="0.0445557",
		histo23="0.0117798",
		histo24=0,
		histo25=0,
		histo26="0.000244141",
		histo27="0.00531006",
		histo28=0,
		histo29=0,
		histo3=0,
		histo30=0,
		histo31=0,
		histo32=0,
		histo33=0,
		histo34=0,
		histo35=0,
		histo36=0,
		histo37=0,
		histo38="0.00152588",
		histo39="0.00183105",
		histo4=0,
		histo40="6.10352e-05",
		histo41=0,
		histo42="0.0020752",
		histo43="0.0750732",
		histo44="0.00616455",
		histo45=0,
		histo46=0,
		histo47=0,
		histo48="0.000793457",
		histo49=0,
		histo5="0.000793457",
		histo50=0,
		histo51=0,
		histo52=0,
		histo53=0,
		histo54=0,
		histo55=0,
		histo56=0,
		histo57=0,
		histo58=0,
		histo59="0.00115967",
		histo6="0.00195312",
		histo60="0.0022583",
		histo61=0,
		histo62=0,
		histo63="0.00238037",
		histo64="0.0510864",
		histo7=0,
		histo8=0,
		histo9=0];
}
