graph obj8_240 {
	_1	 [dim=64,
		histo1="0.937362",
		histo10=0,
		histo11=0,
		histo12=0,
		histo13=0,
		histo14=0,
		histo15=0,
		histo16=0,
		histo17="0.00141355",
		histo18="8.8347e-05",
		histo19=0,
		histo2="0.00379892",
		histo20=0,
		histo21="0.00256206",
		histo22="0.0212916",
		histo23="0.000176694",
		histo24=0,
		histo25=0,
		histo26="0.00088347",
		histo27="0.000618429",
		histo28=0,
		histo29=0,
		histo3=0,
		histo30=0,
		histo31=0,
		histo32=0,
		histo33=0,
		histo34=0,
		histo35=0,
		histo36=0,
		histo37=0,
		histo38="0.000353388",
		histo39=0,
		histo4=0,
		histo40=0,
		histo41=0,
		histo42="0.00114851",
		histo43="0.00530082",
		histo44="8.8347e-05",
		histo45=0,
		histo46=0,
		histo47=0,
		histo48="0.000265041",
		histo49=0,
		histo5="0.00512413",
		histo50=0,
		histo51=0,
		histo52=0,
		histo53=0,
		histo54=0,
		histo55=0,
		histo56=0,
		histo57=0,
		histo58=0,
		histo59="0.00106016",
		histo6="0.01069",
		histo60=0,
		histo61=0,
		histo62=0,
		histo63="0.000795123",
		histo64="0.00697942",
		histo7=0,
		histo8=0,
		histo9=0];
	_2	 [dim=64,
		histo1="0.180229",
		histo10="0.0901147",
		histo11=0,
		histo12=0,
		histo13=0,
		histo14=0,
		histo15=0,
		histo16=0,
		histo17=0,
		histo18=0,
		histo19=0,
		histo2="0.0076461",
		histo20=0,
		histo21="0.0032769",
		histo22="0.0333151",
		histo23="0.00163845",
		histo24=0,
		histo25=0,
		histo26="0.09503",
		histo27="0.0294921",
		histo28=0,
		histo29=0,
		histo3=0,
		histo30=0,
		histo31=0,
		histo32=0,
		histo33=0,
		histo34=0,
		histo35=0,
		histo36=0,
		histo37=0,
		histo38=0,
		histo39=0,
		histo4=0,
		histo40=0,
		histo41=0,
		histo42="0.0032769",
		histo43="0.0114691",
		histo44="0.00054615",
		histo45=0,
		histo46=0,
		histo47="0.0010923",
		histo48="0.0010923",
		histo49=0,
		histo5="0.385035",
		histo50=0,
		histo51=0,
		histo52=0,
		histo53=0,
		histo54=0,
		histo55=0,
		histo56=0,
		histo57=0,
		histo58=0,
		histo59=0,
		histo6="0.104315",
		histo60=0,
		histo61=0,
		histo62=0,
		histo63=0,
		histo64=0,
		histo7=0,
		histo8=0,
		histo9="0.0524304"];
	_1 -- _2	 [boundary=470];
	_3	 [dim=64,
		histo1="0.0265925",
		histo10="0.00154607",
		histo11="0.102968",
		histo12="0.089363",
		histo13=0,
		histo14=0,
		histo15=0,
		histo16="0.102041",
		histo17=0,
		histo18=0,
		histo19=0,
		histo2="0.0250464",
		histo20=0,
		histo21=0,
		histo22="0.00123686",
		histo23="0.00247372",
		histo24=0,
		histo25=0,
		histo26=0,
		histo27="0.105133",
		histo28="0.054731",
		histo29=0,
		histo3=0,
		histo30=0,
		histo31="0.00123686",
		histo32="0.192641",
		histo33=0,
		histo34=0,
		histo35=0,
		histo36=0,
		histo37=0,
		histo38=0,
		histo39=0,
		histo4=0,
		histo40=0,
		histo41=0,
		histo42=0,
		histo43="0.00340136",
		histo44="0.00494743",
		histo45=0,
		histo46=0,
		histo47="0.000309215",
		histo48="0.0194805",
		histo49=0,
		histo5=0,
		histo50=0,
		histo51=0,
		histo52=0,
		histo53=0,
		histo54=0,
		histo55=0,
		histo56=0,
		histo57=0,
		histo58=0,
		histo59=0,
		histo6="0.229128",
		histo60=0,
		histo61=0,
		histo62=0,
		histo63=0,
		histo64="0.000309215",
		histo7="0.037415",
		histo8=0,
		histo9=0];
	_1 -- _3	 [boundary=262];
	_2 -- _3	 [boundary=279];
}
