graph obj52_0 {
	_1	 [dim=64,
		histo1="0.834908",
		histo10="0.0121195",
		histo11=0,
		histo12=0,
		histo13=0,
		histo14=0,
		histo15=0,
		histo16=0,
		histo17="0.00248115",
		histo18="0.00133601",
		histo19=0,
		histo2="0.0276744",
		histo20=0,
		histo21="0.00353087",
		histo22="0.0167955",
		histo23="0.0154595",
		histo24="0.00124058",
		histo25=0,
		histo26="0.000668003",
		histo27="0.00209944",
		histo28="0.000286287",
		histo29=0,
		histo3="0.000763432",
		histo30=0,
		histo31=0,
		histo32=0,
		histo33=0,
		histo34=0,
		histo35=0,
		histo36=0,
		histo37="0.00133601",
		histo38="0.00133601",
		histo39="0.00095429",
		histo4=0,
		histo40="0.000286287",
		histo41=0,
		histo42="9.54289e-05",
		histo43="0.00744346",
		histo44="0.01002",
		histo45=0,
		histo46=0,
		histo47=0,
		histo48=0,
		histo49=0,
		histo5="0.0280561",
		histo50=0,
		histo51=0,
		histo52=0,
		histo53=0,
		histo54=0,
		histo55=0,
		histo56=0,
		histo57=0,
		histo58=0,
		histo59="0.000572574",
		histo6="0.0207081",
		histo60="0.00229029",
		histo61=0,
		histo62=0,
		histo63=0,
		histo64="0.00563031",
		histo7="0.00114515",
		histo8=0,
		histo9="0.000763432"];
	_2	 [dim=64,
		histo1="0.00474174",
		histo10=0,
		histo11=0,
		histo12=0,
		histo13=0,
		histo14=0,
		histo15=0,
		histo16=0,
		histo17=0,
		histo18=0,
		histo19=0,
		histo2="0.0789162",
		histo20=0,
		histo21=0,
		histo22=0,
		histo23="0.00728196",
		histo24="0.0911092",
		histo25=0,
		histo26=0,
		histo27=0,
		histo28="0.00338696",
		histo29=0,
		histo3="0.143099",
		histo30=0,
		histo31=0,
		histo32=0,
		histo33=0,
		histo34=0,
		histo35=0,
		histo36=0,
		histo37=0,
		histo38=0,
		histo39=0,
		histo4="0.259102",
		histo40=0,
		histo41=0,
		histo42=0,
		histo43=0,
		histo44="0.00254022",
		histo45=0,
		histo46=0,
		histo47=0,
		histo48=0,
		histo49=0,
		histo5=0,
		histo50=0,
		histo51=0,
		histo52=0,
		histo53=0,
		histo54=0,
		histo55=0,
		histo56=0,
		histo57=0,
		histo58=0,
		histo59=0,
		histo6="0.000508044",
		histo60=0,
		histo61=0,
		histo62=0,
		histo63=0,
		histo64=0,
		histo7="0.0160881",
		histo8="0.393226",
		histo9=0];
	_1 -- _2	 [boundary=830];
}
