graph obj84_300 {
	_1	 [dim=64,
		histo1="0.973661",
		histo10=0,
		histo11=0,
		histo12=0,
		histo13=0,
		histo14=0,
		histo15=0,
		histo16=0,
		histo17=0,
		histo18="9.68335e-05",
		histo19="0.000290501",
		histo2="0.00367967",
		histo20=0,
		histo21=0,
		histo22="0.000387334",
		histo23="0.00610051",
		histo24="0.000581001",
		histo25=0,
		histo26=0,
		histo27="0.001743",
		histo28="0.000387334",
		histo29=0,
		histo3="9.68335e-05",
		histo30=0,
		histo31=0,
		histo32=0,
		histo33=0,
		histo34=0,
		histo35=0,
		histo36=0,
		histo37=0,
		histo38=0,
		histo39="0.000290501",
		histo4=0,
		histo40="0.000387334",
		histo41=0,
		histo42=0,
		histo43="0.000290501",
		histo44="0.00542268",
		histo45=0,
		histo46=0,
		histo47=0,
		histo48="0.000193667",
		histo49=0,
		histo5="9.68335e-05",
		histo50=0,
		histo51=0,
		histo52=0,
		histo53=0,
		histo54=0,
		histo55=0,
		histo56=0,
		histo57=0,
		histo58=0,
		histo59=0,
		histo6="0.00551951",
		histo60="0.000581001",
		histo61=0,
		histo62=0,
		histo63=0,
		histo64="0.000193667",
		histo7=0,
		histo8=0,
		histo9=0];
	_2	 [dim=64,
		histo1="0.0354961",
		histo10="0.000165098",
		histo11="0.227836",
		histo12="0.21892",
		histo13=0,
		histo14=0,
		histo15=0,
		histo16="0.0799075",
		histo17=0,
		histo18=0,
		histo19=0,
		histo2="0.0212977",
		histo20=0,
		histo21=0,
		histo22=0,
		histo23="0.00165098",
		histo24="0.000990589",
		histo25=0,
		histo26=0,
		histo27="0.0214628",
		histo28="0.00742942",
		histo29=0,
		histo3="0.000165098",
		histo30=0,
		histo31=0,
		histo32="0.000660393",
		histo33=0,
		histo34=0,
		histo35=0,
		histo36=0,
		histo37=0,
		histo38=0,
		histo39=0,
		histo4=0,
		histo40=0,
		histo41=0,
		histo42=0,
		histo43=0,
		histo44="0.000165098",
		histo45=0,
		histo46=0,
		histo47=0,
		histo48="0.000165098",
		histo49=0,
		histo5="0.000330196",
		histo50=0,
		histo51=0,
		histo52=0,
		histo53=0,
		histo54=0,
		histo55=0,
		histo56=0,
		histo57=0,
		histo58=0,
		histo59=0,
		histo6="0.220406",
		histo60=0,
		histo61=0,
		histo62=0,
		histo63=0,
		histo64=0,
		histo7="0.160641",
		histo8="0.00231138",
		histo9=0];
	_1 -- _2	 [boundary=505];
}
