graph obj98_105 {
	_1	 [dim=64,
		histo1="0.840936",
		histo10=0,
		histo11=0,
		histo12=0,
		histo13=0,
		histo14=0,
		histo15=0,
		histo16=0,
		histo17=0,
		histo18=0,
		histo19=0,
		histo2=0,
		histo20=0,
		histo21="0.00106358",
		histo22="0.0482156",
		histo23="0.00649965",
		histo24="0.00129993",
		histo25=0,
		histo26="0.0115812",
		histo27="0.00756322",
		histo28=0,
		histo29=0,
		histo3=0,
		histo30=0,
		histo31=0,
		histo32=0,
		histo33=0,
		histo34=0,
		histo35=0,
		histo36=0,
		histo37=0,
		histo38="0.000236351",
		histo39="0.00271803",
		histo4=0,
		histo40="0.00354526",
		histo41=0,
		histo42="0.00248168",
		histo43="0.0281257",
		histo44="0.0158355",
		histo45=0,
		histo46=0,
		histo47="0.00153628",
		histo48="0.00224533",
		histo49=0,
		histo5="0.0153628",
		histo50=0,
		histo51=0,
		histo52=0,
		histo53=0,
		histo54=0,
		histo55=0,
		histo56=0,
		histo57=0,
		histo58=0,
		histo59=0,
		histo6="0.00543607",
		histo60="0.00118175",
		histo61=0,
		histo62=0,
		histo63="0.000827228",
		histo64="0.00330891",
		histo7=0,
		histo8=0,
		histo9=0];
	_2	 [dim=64,
		histo1="0.0517546",
		histo10="0.247539",
		histo11="0.0554153",
		histo12=0,
		histo13=0,
		histo14="0.003282",
		histo15="0.0318101",
		histo16=0,
		histo17=0,
		histo18=0,
		histo19=0,
		histo2=0,
		histo20=0,
		histo21=0,
		histo22="0.0136329",
		histo23=0,
		histo24=0,
		histo25=0,
		histo26="0.0843221",
		histo27="0.0624842",
		histo28="0.000126231",
		histo29=0,
		histo3=0,
		histo30=0,
		histo31="0.0373643",
		histo32=0,
		histo33=0,
		histo34=0,
		histo35=0,
		histo36=0,
		histo37=0,
		histo38=0,
		histo39=0,
		histo4=0,
		histo40=0,
		histo41=0,
		histo42=0,
		histo43="0.00290331",
		histo44="0.00100985",
		histo45=0,
		histo46=0,
		histo47="0.001641",
		histo48="0.003282",
		histo49=0,
		histo5="0.06564",
		histo50=0,
		histo51=0,
		histo52=0,
		histo53=0,
		histo54=0,
		histo55=0,
		histo56=0,
		histo57=0,
		histo58=0,
		histo59=0,
		histo6="0.337667",
		histo60=0,
		histo61=0,
		histo62=0,
		histo63=0,
		histo64=0,
		histo7="0.000126231",
		histo8=0,
		histo9=0];
	_1 -- _2	 [boundary=806];
}
