graph obj22_345 {
	_1	 [dim=64,
		histo1="0.973836",
		histo10=0,
		histo11=0,
		histo12=0,
		histo13=0,
		histo14=0,
		histo15=0,
		histo16=0,
		histo17="0.00772559",
		histo18="0.00144211",
		histo19=0,
		histo2="0.000824063",
		histo20=0,
		histo21="0.00103008",
		histo22="0.013288",
		histo23=0,
		histo24=0,
		histo25=0,
		histo26=0,
		histo27=0,
		histo28=0,
		histo29=0,
		histo3=0,
		histo30=0,
		histo31=0,
		histo32=0,
		histo33=0,
		histo34=0,
		histo35=0,
		histo36=0,
		histo37=0,
		histo38=0,
		histo39=0,
		histo4=0,
		histo40=0,
		histo41=0,
		histo42=0,
		histo43=0,
		histo44=0,
		histo45=0,
		histo46=0,
		histo47=0,
		histo48=0,
		histo49=0,
		histo5="0.000103008",
		histo50=0,
		histo51=0,
		histo52=0,
		histo53=0,
		histo54=0,
		histo55=0,
		histo56=0,
		histo57=0,
		histo58=0,
		histo59=0,
		histo6="0.00175113",
		histo60=0,
		histo61=0,
		histo62=0,
		histo63=0,
		histo64=0,
		histo7=0,
		histo8=0,
		histo9=0];
	_2	 [dim=64,
		histo1="0.00239664",
		histo10=0,
		histo11=0,
		histo12=0,
		histo13=0,
		histo14=0,
		histo15=0,
		histo16=0,
		histo17="0.000299581",
		histo18="0.000898742",
		histo19="0.000299581",
		histo2="0.000748951",
		histo20=0,
		histo21=0,
		histo22="0.150689",
		histo23="0.0847813",
		histo24="0.0277112",
		histo25=0,
		histo26="0.000599161",
		histo27="0.037148",
		histo28="0.000599161",
		histo29=0,
		histo3="0.00674056",
		histo30=0,
		histo31=0,
		histo32=0,
		histo33=0,
		histo34=0,
		histo35=0,
		histo36=0,
		histo37=0,
		histo38="0.00599161",
		histo39="0.0208209",
		histo4="0.0290593",
		histo40="0.00014979",
		histo41=0,
		histo42="0.000898742",
		histo43="0.462702",
		histo44="0.0381965",
		histo45=0,
		histo46=0,
		histo47="0.000299581",
		histo48="0.00434392",
		histo49=0,
		histo5="0.00014979",
		histo50=0,
		histo51=0,
		histo52=0,
		histo53=0,
		histo54=0,
		histo55=0,
		histo56=0,
		histo57=0,
		histo58=0,
		histo59="0.00299581",
		histo6="0.000898742",
		histo60="0.00389455",
		histo61=0,
		histo62=0,
		histo63="0.00014979",
		histo64="0.108149",
		histo7="0.00374476",
		histo8="0.0046435",
		histo9=0];
	_1 -- _2	 [boundary=738];
}
