graph obj17_0 {
	_1	 [dim=64,
		histo1="0.912581",
		histo10=0,
		histo11=0,
		histo12=0,
		histo13=0,
		histo14=0,
		histo15=0,
		histo16=0,
		histo17="0.00888848",
		histo18=0,
		histo19=0,
		histo2="0.00815541",
		histo20=0,
		histo21="0.0173188",
		histo22="0.00705581",
		histo23="0.00146614",
		histo24=0,
		histo25=0,
		histo26="9.16338e-05",
		histo27="0.00284065",
		histo28="9.16338e-05",
		histo29=0,
		histo3=0,
		histo30=0,
		histo31=0,
		histo32=0,
		histo33=0,
		histo34=0,
		histo35=0,
		histo36=0,
		histo37="0.0173188",
		histo38="0.00238248",
		histo39=0,
		histo4=0,
		histo40=0,
		histo41=0,
		histo42="0.00137451",
		histo43="0.00375699",
		histo44="0.00119124",
		histo45=0,
		histo46=0,
		histo47=0,
		histo48="0.00256575",
		histo49=0,
		histo5="0.000641437",
		histo50=0,
		histo51=0,
		histo52=0,
		histo53=0,
		histo54=0,
		histo55=0,
		histo56=0,
		histo57=0,
		histo58=0,
		histo59="0.000641437",
		histo6="0.00898012",
		histo60=0,
		histo61=0,
		histo62=0,
		histo63="0.000183268",
		histo64="0.00238248",
		histo7="9.16338e-05",
		histo8=0,
		histo9=0];
	_2	 [dim=64,
		histo1="0.0274173",
		histo10=0,
		histo11="0.0851764",
		histo12="0.321331",
		histo13=0,
		histo14=0,
		histo15=0,
		histo16="0.0111497",
		histo17=0,
		histo18=0,
		histo19=0,
		histo2="0.0416743",
		histo20=0,
		histo21=0,
		histo22="0.000182782",
		histo23="0.00785962",
		histo24="0.00493511",
		histo25=0,
		histo26=0,
		histo27="0.020106",
		histo28="0.0212027",
		histo29=0,
		histo3="0.000182782",
		histo30=0,
		histo31=0,
		histo32="0.00292451",
		histo33=0,
		histo34=0,
		histo35=0,
		histo36=0,
		histo37=0,
		histo38=0,
		histo39=0,
		histo4=0,
		histo40=0,
		histo41=0,
		histo42=0,
		histo43=0,
		histo44="0.00182782",
		histo45=0,
		histo46=0,
		histo47=0,
		histo48="0.00475233",
		histo49=0,
		histo5=0,
		histo50=0,
		histo51=0,
		histo52=0,
		histo53=0,
		histo54=0,
		histo55=0,
		histo56=0,
		histo57=0,
		histo58=0,
		histo59=0,
		histo6="0.0881009",
		histo60=0,
		histo61=0,
		histo62=0,
		histo63=0,
		histo64=0,
		histo7="0.347468",
		histo8="0.0137086",
		histo9=0];
	_1 -- _2	 [boundary=664];
}
