graph obj52_330 {
	_1	 [dim=64,
		histo1="0.866497",
		histo10="0.0113678",
		histo11=0,
		histo12=0,
		histo13=0,
		histo14=0,
		histo15=0,
		histo16=0,
		histo17="0.000363769",
		histo18="0.000909422",
		histo19="9.09422e-05",
		histo2="0.0232812",
		histo20=0,
		histo21="0.00127319",
		histo22="0.0118225",
		histo23="0.00854856",
		histo24="0.000909422",
		histo25=0,
		histo26="0.00245544",
		histo27="0.00100036",
		histo28="0.000818479",
		histo29=0,
		histo3="9.09422e-05",
		histo30=0,
		histo31=0,
		histo32=0,
		histo33=0,
		histo34=0,
		histo35=0,
		histo36=0,
		histo37="0.00100036",
		histo38="0.00163696",
		histo39="0.00227355",
		histo4=0,
		histo40="0.000545653",
		histo41=0,
		histo42=0,
		histo43="0.00982175",
		histo44="0.0110949",
		histo45=0,
		histo46=0,
		histo47=0,
		histo48="9.09422e-05",
		histo49=0,
		histo5="0.0250091",
		histo50=0,
		histo51=0,
		histo52=0,
		histo53=0,
		histo54=0,
		histo55=0,
		histo56=0,
		histo57=0,
		histo58=0,
		histo59=0,
		histo6="0.0122772",
		histo60="0.000545653",
		histo61=0,
		histo62=0,
		histo63=0,
		histo64="0.00227355",
		histo7="0.00245544",
		histo8=0,
		histo9="0.00154602"];
	_2	 [dim=64,
		histo1="0.00315516",
		histo10=0,
		histo11=0,
		histo12=0,
		histo13=0,
		histo14=0,
		histo15=0,
		histo16=0,
		histo17=0,
		histo18=0,
		histo19=0,
		histo2="0.0825909",
		histo20=0,
		histo21=0,
		histo22=0,
		histo23="0.00445434",
		histo24="0.110245",
		histo25=0,
		histo26=0,
		histo27=0,
		histo28="0.00389755",
		histo29=0,
		histo3="0.154974",
		histo30=0,
		histo31=0,
		histo32=0,
		histo33=0,
		histo34=0,
		histo35=0,
		histo36=0,
		histo37=0,
		histo38=0,
		histo39=0,
		histo4="0.139941",
		histo40="0.000556793",
		histo41=0,
		histo42=0,
		histo43=0,
		histo44="0.00389755",
		histo45=0,
		histo46=0,
		histo47=0,
		histo48=0,
		histo49=0,
		histo5=0,
		histo50=0,
		histo51=0,
		histo52=0,
		histo53=0,
		histo54=0,
		histo55=0,
		histo56=0,
		histo57=0,
		histo58=0,
		histo59=0,
		histo6="0.00111359",
		histo60=0,
		histo61=0,
		histo62=0,
		histo63=0,
		histo64=0,
		histo7="0.00927988",
		histo8="0.485895",
		histo9=0];
	_1 -- _2	 [boundary=770];
}
