graph obj27_165 {
	_1	 [dim=64,
		histo1="0.939358",
		histo10="7.32386e-05",
		histo11="0.000146477",
		histo12=0,
		histo13=0,
		histo14=0,
		histo15=0,
		histo16=0,
		histo17="0.000366193",
		histo18=0,
		histo19=0,
		histo2="0.0196279",
		histo20=0,
		histo21="0.000952102",
		histo22="0.00234364",
		histo23="7.32386e-05",
		histo24=0,
		histo25="0.000366193",
		histo26="0.00139153",
		histo27="0.000366193",
		histo28=0,
		histo29=0,
		histo3="0.0139153",
		histo30=0,
		histo31=0,
		histo32=0,
		histo33=0,
		histo34=0,
		histo35=0,
		histo36=0,
		histo37=0,
		histo38="0.000292954",
		histo39=0,
		histo4="0.00124506",
		histo40=0,
		histo41=0,
		histo42="0.00197744",
		histo43="0.00168449",
		histo44=0,
		histo45=0,
		histo46=0,
		histo47="7.32386e-05",
		histo48=0,
		histo49=0,
		histo5="0.00615204",
		histo50=0,
		histo51=0,
		histo52=0,
		histo53=0,
		histo54=0,
		histo55=0,
		histo56=0,
		histo57=0,
		histo58=0,
		histo59="0.000219716",
		histo6="0.00476051",
		histo60=0,
		histo61=0,
		histo62=0,
		histo63="0.00124506",
		histo64="0.00249011",
		histo7="0.000659148",
		histo8="0.000219716",
		histo9=0];
	_2	 [dim=64,
		histo1="0.0619048",
		histo10="0.0164835",
		histo11=0,
		histo12=0,
		histo13="0.081685",
		histo14="0.000732601",
		histo15=0,
		histo16=0,
		histo17=0,
		histo18=0,
		histo19=0,
		histo2=0,
		histo20=0,
		histo21="0.003663",
		histo22=0,
		histo23=0,
		histo24=0,
		histo25="0.0970696",
		histo26="0.0413919",
		histo27="0.000732601",
		histo28=0,
		histo29="0.0443223",
		histo3=0,
		histo30="0.00915751",
		histo31=0,
		histo32=0,
		histo33=0,
		histo34=0,
		histo35=0,
		histo36=0,
		histo37=0,
		histo38=0,
		histo39=0,
		histo4=0,
		histo40=0,
		histo41=0,
		histo42="0.0003663",
		histo43=0,
		histo44=0,
		histo45=0,
		histo46="0.00732601",
		histo47=0,
		histo48=0,
		histo49=0,
		histo5="0.217582",
		histo50=0,
		histo51=0,
		histo52=0,
		histo53=0,
		histo54=0,
		histo55=0,
		histo56=0,
		histo57=0,
		histo58=0,
		histo59=0,
		histo6="0.0043956",
		histo60=0,
		histo61=0,
		histo62=0,
		histo63=0,
		histo64=0,
		histo7=0,
		histo8=0,
		histo9="0.413187"];
	_1 -- _2	 [boundary=594];
}
