graph obj17_300 {
	_1	 [dim=64,
		histo1="0.94393",
		histo10=0,
		histo11=0,
		histo12=0,
		histo13=0,
		histo14=0,
		histo15=0,
		histo16=0,
		histo17="0.0135169",
		histo18=0,
		histo19=0,
		histo2="0.00634126",
		histo20=0,
		histo21="0.00700876",
		histo22="0.00342094",
		histo23="0.000166875",
		histo24=0,
		histo25=0,
		histo26="8.34376e-05",
		histo27="0.00100125",
		histo28=0,
		histo29=0,
		histo3=0,
		histo30=0,
		histo31=0,
		histo32=0,
		histo33="8.34376e-05",
		histo34=0,
		histo35=0,
		histo36=0,
		histo37="0.0112641",
		histo38="0.00150188",
		histo39=0,
		histo4=0,
		histo40=0,
		histo41=0,
		histo42="0.000667501",
		histo43="0.00125156",
		histo44="0.000500626",
		histo45=0,
		histo46=0,
		histo47=0,
		histo48="0.00158531",
		histo49=0,
		histo5="0.000333751",
		histo50=0,
		histo51=0,
		histo52=0,
		histo53="0.000333751",
		histo54=0,
		histo55=0,
		histo56=0,
		histo57="0.000166875",
		histo58=0,
		histo59="0.000333751",
		histo6="0.00492282",
		histo60=0,
		histo61=0,
		histo62=0,
		histo63="8.34376e-05",
		histo64="0.00150188",
		histo7=0,
		histo8=0,
		histo9=0];
	_2	 [dim=64,
		histo1="0.0177313",
		histo10=0,
		histo11="0.0711525",
		histo12="0.349852",
		histo13=0,
		histo14=0,
		histo15=0,
		histo16="0.00954762",
		histo17=0,
		histo18=0,
		histo19=0,
		histo2="0.042737",
		histo20=0,
		histo21=0,
		histo22=0,
		histo23="0.000909298",
		histo24="0.000681973",
		histo25=0,
		histo26=0,
		histo27="0.0143214",
		histo28="0.032962",
		histo29=0,
		histo3="0.0145488",
		histo30=0,
		histo31=0,
		histo32="0.00159127",
		histo33=0,
		histo34=0,
		histo35=0,
		histo36=0,
		histo37=0,
		histo38=0,
		histo39=0,
		histo4=0,
		histo40=0,
		histo41=0,
		histo42=0,
		histo43=0,
		histo44="0.00295522",
		histo45=0,
		histo46=0,
		histo47=0,
		histo48="0.00500114",
		histo49=0,
		histo5=0,
		histo50=0,
		histo51=0,
		histo52=0,
		histo53=0,
		histo54=0,
		histo55=0,
		histo56=0,
		histo57=0,
		histo58=0,
		histo59=0,
		histo6="0.107524",
		histo60=0,
		histo61=0,
		histo62=0,
		histo63=0,
		histo64=0,
		histo7="0.318709",
		histo8="0.00977495",
		histo9=0];
	_1 -- _2	 [boundary=510];
}
