graph obj27_150 {
	_1	 [dim=64,
		histo1="0.925766",
		histo10="0.000222701",
		histo11="7.42335e-05",
		histo12=0,
		histo13=0,
		histo14=0,
		histo15=0,
		histo16=0,
		histo17="0.000222701",
		histo18=0,
		histo19=0,
		histo2="0.0285799",
		histo20=0,
		histo21="0.0017816",
		histo22="0.00252394",
		histo23=0,
		histo24=0,
		histo25="0.000296934",
		histo26="0.000890802",
		histo27="0.000371168",
		histo28=0,
		histo29=0,
		histo3="0.0144013",
		histo30=0,
		histo31=0,
		histo32=0,
		histo33=0,
		histo34=0,
		histo35=0,
		histo36=0,
		histo37=0,
		histo38="7.42335e-05",
		histo39=0,
		histo4="0.00326628",
		histo40=0,
		histo41=0,
		histo42="0.00170737",
		histo43="0.0011135",
		histo44=0,
		histo45=0,
		histo46=0,
		histo47="0.000148467",
		histo48=0,
		histo49=0,
		histo5="0.00801722",
		histo50=0,
		histo51=0,
		histo52=0,
		histo53=0,
		histo54=0,
		histo55=0,
		histo56=0,
		histo57=0,
		histo58=0,
		histo59="0.000519635",
		histo6="0.00579022",
		histo60=0,
		histo61=0,
		histo62=0,
		histo63="0.00163314",
		histo64="0.0015589",
		histo7="0.000890802",
		histo8="0.000148467",
		histo9=0];
	_2	 [dim=64,
		histo1="0.0604188",
		histo10="0.0147614",
		histo11=0,
		histo12=0,
		histo13="0.0902849",
		histo14=0,
		histo15=0,
		histo16=0,
		histo17=0,
		histo18=0,
		histo19=0,
		histo2=0,
		histo20=0,
		histo21="0.00274631",
		histo22=0,
		histo23=0,
		histo24=0,
		histo25="0.104016",
		histo26="0.048747",
		histo27="0.000686577",
		histo28=0,
		histo29="0.0494336",
		histo3=0,
		histo30="0.015448",
		histo31=0,
		histo32=0,
		histo33=0,
		histo34=0,
		histo35=0,
		histo36=0,
		histo37=0,
		histo38=0,
		histo39=0,
		histo4=0,
		histo40=0,
		histo41=0,
		histo42="0.000686577",
		histo43=0,
		histo44=0,
		histo45=0,
		histo46="0.00789564",
		histo47="0.000343289",
		histo48=0,
		histo49=0,
		histo5="0.238242",
		histo50=0,
		histo51=0,
		histo52=0,
		histo53=0,
		histo54=0,
		histo55=0,
		histo56=0,
		histo57=0,
		histo58=0,
		histo59=0,
		histo6="0.00377618",
		histo60=0,
		histo61=0,
		histo62=0,
		histo63=0,
		histo64=0,
		histo7=0,
		histo8=0,
		histo9="0.362513"];
	_1 -- _2	 [boundary=621];
}
