graph obj76_345 {
	_1	 [dim=64,
		histo1="0.798706",
		histo10=0,
		histo11=0,
		histo12="0.00341797",
		histo13=0,
		histo14=0,
		histo15=0,
		histo16=0,
		histo17=0,
		histo18="0.000305176",
		histo19="0.000366211",
		histo2="0.0335083",
		histo20="0.0032959",
		histo21="6.10352e-05",
		histo22="0.0032959",
		histo23="0.0020752",
		histo24="0.0206909",
		histo25=0,
		histo26=0,
		histo27="0.00012207",
		histo28="0.0117798",
		histo29=0,
		histo3="0.0303955",
		histo30=0,
		histo31=0,
		histo32=0,
		histo33=0,
		histo34=0,
		histo35=0,
		histo36=0,
		histo37=0,
		histo38=0,
		histo39="0.000244141",
		histo4="0.0212402",
		histo40=0,
		histo41=0,
		histo42=0,
		histo43="0.000549316",
		histo44="0.0010376",
		histo45=0,
		histo46=0,
		histo47=0,
		histo48="6.10352e-05",
		histo49=0,
		histo5="0.00012207",
		histo50=0,
		histo51=0,
		histo52=0,
		histo53=0,
		histo54=0,
		histo55=0,
		histo56=0,
		histo57=0,
		histo58=0,
		histo59=0,
		histo6="0.000244141",
		histo60=0,
		histo61=0,
		histo62=0,
		histo63=0,
		histo64="6.10352e-05",
		histo7="0.00268555",
		histo8="0.0657349",
		histo9=0];
}
