graph obj72_90 {
	_1	 [dim=64,
		histo1="0.751254",
		histo10=0,
		histo11=0,
		histo12=0,
		histo13=0,
		histo14=0,
		histo15=0,
		histo16=0,
		histo17="0.0442214",
		histo18="0.00187091",
		histo19="0.00374181",
		histo2="0.0807892",
		histo20=0,
		histo21="0.00884429",
		histo22="0.0636959",
		histo23="0.00136066",
		histo24="8.50412e-05",
		histo25=0,
		histo26=0,
		histo27=0,
		histo28=0,
		histo29=0,
		histo3="0.0260226",
		histo30=0,
		histo31=0,
		histo32=0,
		histo33=0,
		histo34=0,
		histo35=0,
		histo36=0,
		histo37=0,
		histo38=0,
		histo39=0,
		histo4="0.00068033",
		histo40=0,
		histo41=0,
		histo42=0,
		histo43=0,
		histo44=0,
		histo45=0,
		histo46=0,
		histo47=0,
		histo48=0,
		histo49=0,
		histo5="0.00629305",
		histo50=0,
		histo51=0,
		histo52=0,
		histo53=0,
		histo54=0,
		histo55=0,
		histo56=0,
		histo57=0,
		histo58=0,
		histo59=0,
		histo6="0.0108002",
		histo60=0,
		histo61=0,
		histo62=0,
		histo63=0,
		histo64=0,
		histo7="0.000255124",
		histo8="8.50412e-05",
		histo9=0];
	_2	 [dim=64,
		histo1="0.000216216",
		histo10=0,
		histo11=0,
		histo12=0,
		histo13=0,
		histo14=0,
		histo15=0,
		histo16=0,
		histo17="0.000648649",
		histo18="0.000216216",
		histo19="0.0162162",
		histo2="0.000216216",
		histo20="0.000648649",
		histo21="0.00108108",
		histo22="0.270486",
		histo23="0.141405",
		histo24="0.0205405",
		histo25=0,
		histo26="0.000864865",
		histo27="0.00648649",
		histo28=0,
		histo29=0,
		histo3="0.00454054",
		histo30=0,
		histo31=0,
		histo32=0,
		histo33=0,
		histo34=0,
		histo35=0,
		histo36=0,
		histo37=0,
		histo38="0.0222703",
		histo39="0.0067027",
		histo4="0.00108108",
		histo40="0.0067027",
		histo41=0,
		histo42="0.00410811",
		histo43="0.171892",
		histo44="0.0352432",
		histo45=0,
		histo46=0,
		histo47=0,
		histo48="0.000648649",
		histo49=0,
		histo5=0,
		histo50=0,
		histo51=0,
		histo52=0,
		histo53=0,
		histo54=0,
		histo55=0,
		histo56=0,
		histo57=0,
		histo58=0,
		histo59="0.016",
		histo6="0.000216216",
		histo60="0.0229189",
		histo61=0,
		histo62=0,
		histo63="0.0123243",
		histo64="0.235676",
		histo7="0.000648649",
		histo8=0,
		histo9=0];
	_1 -- _2	 [boundary=1176];
}
