graph obj17_345 {
	_1	 [dim=64,
		histo1="0.91977",
		histo10=0,
		histo11=0,
		histo12=0,
		histo13=0,
		histo14=0,
		histo15=0,
		histo16=0,
		histo17="0.00915373",
		histo18=0,
		histo19=0,
		histo2="0.00789734",
		histo20=0,
		histo21="0.0117563",
		histo22="0.00682043",
		histo23="0.00071794",
		histo24=0,
		histo25=0,
		histo26="0.00035897",
		histo27="0.00215382",
		histo28=0,
		histo29=0,
		histo3=0,
		histo30=0,
		histo31=0,
		histo32=0,
		histo33=0,
		histo34=0,
		histo35=0,
		histo36=0,
		histo37="0.0206408",
		histo38="0.00170511",
		histo39=0,
		histo4=0,
		histo40=0,
		histo41="8.97424e-05",
		histo42="0.00107691",
		histo43="0.00287176",
		histo44="0.00170511",
		histo45=0,
		histo46=0,
		histo47=0,
		histo48="0.00197433",
		histo49=0,
		histo5="0.000448712",
		histo50=0,
		histo51=0,
		histo52=0,
		histo53=0,
		histo54=0,
		histo55=0,
		histo56=0,
		histo57=0,
		histo58="0.000179485",
		histo59="0.00035897",
		histo6="0.00744862",
		histo60=0,
		histo61=0,
		histo62=0,
		histo63="0.000269227",
		histo64="0.00260253",
		histo7=0,
		histo8=0,
		histo9=0];
	_2	 [dim=64,
		histo1="0.023278",
		histo10=0,
		histo11="0.0784201",
		histo12="0.344018",
		histo13=0,
		histo14=0,
		histo15=0,
		histo16="0.0129746",
		histo17=0,
		histo18=0,
		histo19=0,
		histo2="0.044648",
		histo20=0,
		histo21=0,
		histo22=0,
		histo23="0.00381607",
		histo24="0.00820454",
		histo25=0,
		histo26=0,
		histo27="0.0217516",
		histo28="0.0225148",
		histo29=0,
		histo3="0.00152643",
		histo30=0,
		histo31=0,
		histo32="0.00324366",
		histo33=0,
		histo34=0,
		histo35=0,
		histo36=0,
		histo37=0,
		histo38=0,
		histo39=0,
		histo4=0,
		histo40=0,
		histo41=0,
		histo42=0,
		histo43=0,
		histo44="0.00114482",
		histo45=0,
		histo46=0,
		histo47=0,
		histo48="0.0059149",
		histo49=0,
		histo5=0,
		histo50=0,
		histo51=0,
		histo52=0,
		histo53=0,
		histo54=0,
		histo55=0,
		histo56=0,
		histo57=0,
		histo58=0,
		histo59=0,
		histo6="0.0816638",
		histo60=0,
		histo61=0,
		histo62=0,
		histo63=0,
		histo64=0,
		histo7="0.332189",
		histo8="0.0146919",
		histo9=0];
	_1 -- _2	 [boundary=642];
}
