graph obj8_45 {
	_1	 [dim=64,
		histo1="0.948844",
		histo10=0,
		histo11=0,
		histo12=0,
		histo13=0,
		histo14=0,
		histo15=0,
		histo16=0,
		histo17=0,
		histo18=0,
		histo19=0,
		histo2="0.00238114",
		histo20=0,
		histo21="0.000460865",
		histo22="0.00844919",
		histo23="0.000460865",
		histo24=0,
		histo25=0,
		histo26="0.00192027",
		histo27="0.00245795",
		histo28="0.000153622",
		histo29=0,
		histo3=0,
		histo30=0,
		histo31=0,
		histo32=0,
		histo33=0,
		histo34=0,
		histo35=0,
		histo36=0,
		histo37=0,
		histo38=0,
		histo39=0,
		histo4=0,
		histo40=0,
		histo41=0,
		histo42="0.000460865",
		histo43="0.00138259",
		histo44="0.000537676",
		histo45=0,
		histo46=0,
		histo47="0.000537676",
		histo48="0.000384054",
		histo49=0,
		histo5="0.0121361",
		histo50=0,
		histo51=0,
		histo52=0,
		histo53=0,
		histo54=0,
		histo55=0,
		histo56=0,
		histo57=0,
		histo58=0,
		histo59=0,
		histo6="0.0191259",
		histo60=0,
		histo61=0,
		histo62=0,
		histo63="0.000230432",
		histo64=0,
		histo7="7.68108e-05",
		histo8=0,
		histo9=0];
	_2	 [dim=64,
		histo1="0.035364",
		histo10="0.152749",
		histo11="0.0817236",
		histo12="0.0219911",
		histo13=0,
		histo14="0.057058",
		histo15="0.00416048",
		histo16="0.043685",
		histo17=0,
		histo18=0,
		histo19=0,
		histo2="0.00208024",
		histo20=0,
		histo21="0.00178306",
		histo22="0.00148588",
		histo23="0.000297177",
		histo24=0,
		histo25="0.00148588",
		histo26="0.058841",
		histo27="0.0329866",
		histo28="0.00832095",
		histo29=0,
		histo3=0,
		histo30="0.111441",
		histo31="0.0219911",
		histo32="0.0249629",
		histo33=0,
		histo34=0,
		histo35=0,
		histo36=0,
		histo37=0,
		histo38=0,
		histo39=0,
		histo4=0,
		histo40=0,
		histo41=0,
		histo42="0.000594354",
		histo43="0.00178306",
		histo44=0,
		histo45=0,
		histo46="0.000594354",
		histo47="0.0104012",
		histo48="0.00148588",
		histo49=0,
		histo5="0.170579",
		histo50=0,
		histo51=0,
		histo52=0,
		histo53=0,
		histo54=0,
		histo55=0,
		histo56=0,
		histo57=0,
		histo58=0,
		histo59=0,
		histo6="0.0888559",
		histo60=0,
		histo61=0,
		histo62=0,
		histo63="0.000594354",
		histo64=0,
		histo7="0.018425",
		histo8=0,
		histo9="0.0442793"];
	_1 -- _2	 [boundary=596];
}
