graph obj27_345 {
	_1	 [dim=64,
		histo1="0.941176",
		histo10="7.54148e-05",
		histo11=0,
		histo12=0,
		histo13=0,
		histo14=0,
		histo15=0,
		histo16=0,
		histo17="0.000527903",
		histo18="0.00015083",
		histo19=0,
		histo2="0.01727",
		histo20=0,
		histo21="0.00143288",
		histo22="0.00392157",
		histo23="7.54148e-05",
		histo24=0,
		histo25="0.000603318",
		histo26="0.0025641",
		histo27="0.000226244",
		histo28=0,
		histo29=0,
		histo3="0.0125189",
		histo30=0,
		histo31=0,
		histo32=0,
		histo33=0,
		histo34=0,
		histo35=0,
		histo36=0,
		histo37=0,
		histo38="7.54148e-05",
		histo39=0,
		histo4="0.000226244",
		histo40=0,
		histo41=0,
		histo42="0.00271493",
		histo43="0.000678733",
		histo44=0,
		histo45=0,
		histo46="0.000226244",
		histo47="0.00015083",
		histo48=0,
		histo49=0,
		histo5="0.00565611",
		histo50=0,
		histo51=0,
		histo52=0,
		histo53=0,
		histo54=0,
		histo55=0,
		histo56=0,
		histo57=0,
		histo58=0,
		histo59="7.54148e-05",
		histo6="0.00527903",
		histo60=0,
		histo61=0,
		histo62=0,
		histo63="0.00226244",
		histo64="0.00135747",
		histo7="0.000754148",
		histo8=0,
		histo9=0];
	_2	 [dim=64,
		histo1="0.0611396",
		histo10="0.015685",
		histo11=0,
		histo12=0,
		histo13="0.0547375",
		histo14=0,
		histo15=0,
		histo16=0,
		histo17=0,
		histo18=0,
		histo19=0,
		histo2=0,
		histo20=0,
		histo21="0.00192061",
		histo22=0,
		histo23=0,
		histo24=0,
		histo25="0.090589",
		histo26="0.0339309",
		histo27="0.00256082",
		histo28=0,
		histo29="0.0214469",
		histo3=0,
		histo30="0.0179257",
		histo31=0,
		histo32=0,
		histo33=0,
		histo34=0,
		histo35=0,
		histo36=0,
		histo37=0,
		histo38=0,
		histo39=0,
		histo4=0,
		histo40=0,
		histo41=0,
		histo42=0,
		histo43=0,
		histo44=0,
		histo45=0,
		histo46="0.00480154",
		histo47=0,
		histo48=0,
		histo49=0,
		histo5="0.233355",
		histo50=0,
		histo51=0,
		histo52=0,
		histo53=0,
		histo54=0,
		histo55=0,
		histo56=0,
		histo57=0,
		histo58=0,
		histo59=0,
		histo6="0.00768246",
		histo60=0,
		histo61=0,
		histo62=0,
		histo63=0,
		histo64=0,
		histo7=0,
		histo8=0,
		histo9="0.454225"];
	_1 -- _2	 [boundary=628];
}
