graph obj91_345 {
	_1	 [dim=64,
		histo1="0.923054",
		histo10=0,
		histo11=0,
		histo12=0,
		histo13=0,
		histo14=0,
		histo15=0,
		histo16=0,
		histo17=0,
		histo18="0.000220686",
		histo19="0.000735619",
		histo2="0.00853318",
		histo20="0.0286891",
		histo21=0,
		histo22="0.00360453",
		histo23="0.00331028",
		histo24="0.0127998",
		histo25=0,
		histo26=0,
		histo27="0.000367809",
		histo28="0.000441371",
		histo29=0,
		histo3="0.000147124",
		histo30=0,
		histo31=0,
		histo32=0,
		histo33=0,
		histo34=0,
		histo35=0,
		histo36="0.00603207",
		histo37=0,
		histo38=0,
		histo39=0,
		histo4=0,
		histo40="0.00367809",
		histo41=0,
		histo42=0,
		histo43="0.000588495",
		histo44="0.000514933",
		histo45=0,
		histo46=0,
		histo47=0,
		histo48=0,
		histo49=0,
		histo5="0.000147124",
		histo50=0,
		histo51=0,
		histo52=0,
		histo53=0,
		histo54=0,
		histo55=0,
		histo56=0,
		histo57=0,
		histo58=0,
		histo59=0,
		histo6="0.00448727",
		histo60="0.0015448",
		histo61=0,
		histo62=0,
		histo63=0,
		histo64="0.000294247",
		histo7="0.000588495",
		histo8="0.000220686",
		histo9=0];
	_2	 [dim=64,
		histo1="0.0258065",
		histo10=0,
		histo11="0.0799283",
		histo12="0.389247",
		histo13=0,
		histo14=0,
		histo15=0,
		histo16="0.0164875",
		histo17=0,
		histo18=0,
		histo19=0,
		histo2="0.0781362",
		histo20="0.000358423",
		histo21=0,
		histo22=0,
		histo23="0.00107527",
		histo24="0.00860215",
		histo25=0,
		histo26=0,
		histo27="0.0139785",
		histo28="0.0369176",
		histo29=0,
		histo3="0.00250896",
		histo30=0,
		histo31=0,
		histo32="0.00824373",
		histo33=0,
		histo34=0,
		histo35=0,
		histo36=0,
		histo37=0,
		histo38=0,
		histo39=0,
		histo4="0.00143369",
		histo40=0,
		histo41=0,
		histo42=0,
		histo43=0,
		histo44=0,
		histo45=0,
		histo46=0,
		histo47=0,
		histo48=0,
		histo49=0,
		histo5=0,
		histo50=0,
		histo51=0,
		histo52=0,
		histo53=0,
		histo54=0,
		histo55=0,
		histo56=0,
		histo57=0,
		histo58=0,
		histo59=0,
		histo6="0.0792115",
		histo60=0,
		histo61=0,
		histo62=0,
		histo63=0,
		histo64=0,
		histo7="0.244086",
		histo8="0.0139785",
		histo9=0];
	_1 -- _2	 [boundary=503];
}
