graph obj27_330 {
	_1	 [dim=64,
		histo1="0.93531",
		histo10="0.000308048",
		histo11="7.70119e-05",
		histo12=0,
		histo13=0,
		histo14=0,
		histo15=0,
		histo16=0,
		histo17="0.000231036",
		histo18="7.70119e-05",
		histo19=0,
		histo2="0.019561",
		histo20=0,
		histo21="0.00223335",
		histo22="0.00292645",
		histo23="0.000462072",
		histo24=0,
		histo25="0.000847131",
		histo26="0.00146323",
		histo27="7.70119e-05",
		histo28=0,
		histo29=0,
		histo3="0.00808625",
		histo30=0,
		histo31=0,
		histo32=0,
		histo33=0,
		histo34=0,
		histo35=0,
		histo36=0,
		histo37=0,
		histo38="0.000154024",
		histo39=0,
		histo4="0.000462072",
		histo40=0,
		histo41=0,
		histo42="0.00200231",
		histo43="0.00146323",
		histo44=0,
		histo45=0,
		histo46="0.000231036",
		histo47="7.70119e-05",
		histo48=0,
		histo49=0,
		histo5="0.0113978",
		histo50=0,
		histo51=0,
		histo52=0,
		histo53=0,
		histo54=0,
		histo55=0,
		histo56=0,
		histo57=0,
		histo58=0,
		histo59="0.000462072",
		histo6="0.00762418",
		histo60=0,
		histo61=0,
		histo62=0,
		histo63="0.00223335",
		histo64="0.00154024",
		histo7="0.000616095",
		histo8="7.70119e-05",
		histo9=0];
	_2	 [dim=64,
		histo1="0.0553104",
		histo10="0.017358",
		histo11=0,
		histo12=0,
		histo13="0.0873786",
		histo14=0,
		histo15=0,
		histo16=0,
		histo17=0,
		histo18=0,
		histo19=0,
		histo2=0,
		histo20=0,
		histo21="0.00205943",
		histo22=0,
		histo23=0,
		histo24=0,
		histo25="0.0856134",
		histo26="0.0406002",
		histo27="0.000294204",
		histo28=0,
		histo29="0.0250074",
		histo3=0,
		histo30="0.0164754",
		histo31=0,
		histo32=0,
		histo33=0,
		histo34=0,
		histo35=0,
		histo36=0,
		histo37=0,
		histo38=0,
		histo39=0,
		histo4=0,
		histo40=0,
		histo41=0,
		histo42="0.00147102",
		histo43=0,
		histo44=0,
		histo45=0,
		histo46="0.00617829",
		histo47=0,
		histo48=0,
		histo49=0,
		histo5="0.220947",
		histo50=0,
		histo51=0,
		histo52=0,
		histo53=0,
		histo54=0,
		histo55=0,
		histo56=0,
		histo57=0,
		histo58=0,
		histo59=0,
		histo6="0.0067667",
		histo60=0,
		histo61=0,
		histo62=0,
		histo63=0,
		histo64=0,
		histo7=0,
		histo8=0,
		histo9="0.43454"];
	_1 -- _2	 [boundary=633];
}
