graph obj8_120 {
	_1	 [dim=64,
		histo1="0.968581",
		histo10=0,
		histo11=0,
		histo12=0,
		histo13=0,
		histo14=0,
		histo15=0,
		histo16=0,
		histo17=0,
		histo18=0,
		histo19=0,
		histo2="0.00119853",
		histo20=0,
		histo21="0.0009417",
		histo22="0.0075336",
		histo23="0.000428046",
		histo24=0,
		histo25=0,
		histo26="0.00154096",
		histo27="0.00162657",
		histo28=0,
		histo29=0,
		histo3=0,
		histo30=0,
		histo31=0,
		histo32=0,
		histo33=0,
		histo34=0,
		histo35=0,
		histo36=0,
		histo37=0,
		histo38=0,
		histo39=0,
		histo4=0,
		histo40=0,
		histo41=0,
		histo42="0.000342436",
		histo43="0.000770482",
		histo44=0,
		histo45=0,
		histo46=0,
		histo47=0,
		histo48=0,
		histo49=0,
		histo5="0.00890335",
		histo50=0,
		histo51=0,
		histo52=0,
		histo53=0,
		histo54=0,
		histo55=0,
		histo56=0,
		histo57=0,
		histo58=0,
		histo59=0,
		histo6="0.00813287",
		histo60=0,
		histo61=0,
		histo62=0,
		histo63=0,
		histo64=0,
		histo7=0,
		histo8=0,
		histo9=0];
	_2	 [dim=64,
		histo1="0.0663406",
		histo10="0.185626",
		histo11="0.0461408",
		histo12="0.0116947",
		histo13=0,
		histo14="0.0157346",
		histo15="0.0021263",
		histo16="0.0261535",
		histo17=0,
		histo18=0,
		histo19=0,
		histo2="0.00276419",
		histo20=0,
		histo21="0.00106315",
		histo22="0.0146715",
		histo23="0.00021263",
		histo24=0,
		histo25="0.00021263",
		histo26="0.0905805",
		histo27="0.0648522",
		histo28="0.00786732",
		histo29=0,
		histo3=0,
		histo30="0.0157346",
		histo31="0.0121199",
		histo32="0.0576228",
		histo33=0,
		histo34=0,
		histo35=0,
		histo36=0,
		histo37=0,
		histo38=0,
		histo39=0,
		histo4=0,
		histo40=0,
		histo41=0,
		histo42="0.00106315",
		histo43="0.00233893",
		histo44=0,
		histo45=0,
		histo46=0,
		histo47="0.00361471",
		histo48="0.00297682",
		histo49=0,
		histo5="0.266851",
		histo50=0,
		histo51=0,
		histo52=0,
		histo53=0,
		histo54=0,
		histo55=0,
		histo56=0,
		histo57=0,
		histo58=0,
		histo59=0,
		histo6="0.0571975",
		histo60=0,
		histo61=0,
		histo62=0,
		histo63=0,
		histo64=0,
		histo7="0.00446523",
		histo8=0,
		histo9="0.0399745"];
	_1 -- _2	 [boundary=639];
}
