graph obj52_15 {
	_1	 [dim=64,
		histo1="0.844962",
		histo10="0.00544652",
		histo11=0,
		histo12=0,
		histo13=0,
		histo14=0,
		histo15=0,
		histo16=0,
		histo17="0.0033806",
		histo18="0.00159639",
		histo19="0.000375622",
		histo2="0.0274204",
		histo20=0,
		histo21="0.00291107",
		histo22="0.0161518",
		histo23="0.014931",
		histo24="0.000563433",
		histo25=0,
		histo26="0.000187811",
		histo27="0.000563433",
		histo28="0.000563433",
		histo29=0,
		histo3=0,
		histo30=0,
		histo31=0,
		histo32=0,
		histo33=0,
		histo34=0,
		histo35=0,
		histo36=0,
		histo37="0.000281717",
		histo38="0.00112687",
		histo39="9.39055e-05",
		histo4=0,
		histo40="0.000187811",
		histo41=0,
		histo42="0.000187811",
		histo43="0.00638558",
		histo44="0.00863931",
		histo45=0,
		histo46=0,
		histo47=0,
		histo48=0,
		histo49=0,
		histo5="0.0294863",
		histo50=0,
		histo51=0,
		histo52=0,
		histo53=0,
		histo54=0,
		histo55=0,
		histo56=0,
		histo57=0,
		histo58=0,
		histo59="0.000375622",
		histo6="0.023852",
		histo60="0.00150249",
		histo61=0,
		histo62=0,
		histo63=0,
		histo64="0.00788806",
		histo7="0.000657339",
		histo8=0,
		histo9="0.000281717"];
	_2	 [dim=64,
		histo1="0.0048823",
		histo10=0,
		histo11=0,
		histo12=0,
		histo13=0,
		histo14=0,
		histo15=0,
		histo16=0,
		histo17=0,
		histo18=0,
		histo19="0.000174368",
		histo2="0.0843941",
		histo20=0,
		histo21=0,
		histo22=0,
		histo23="0.00627725",
		histo24="0.0634699",
		histo25=0,
		histo26=0,
		histo27=0,
		histo28="0.00209242",
		histo29=0,
		histo3="0.141064",
		histo30=0,
		histo31=0,
		histo32=0,
		histo33=0,
		histo34=0,
		histo35=0,
		histo36=0,
		histo37=0,
		histo38=0,
		histo39=0,
		histo4="0.315083",
		histo40=0,
		histo41=0,
		histo42=0,
		histo43=0,
		histo44="0.00226678",
		histo45=0,
		histo46=0,
		histo47=0,
		histo48=0,
		histo49=0,
		histo5=0,
		histo50=0,
		histo51=0,
		histo52=0,
		histo53=0,
		histo54=0,
		histo55=0,
		histo56=0,
		histo57=0,
		histo58=0,
		histo59=0,
		histo6="0.000348736",
		histo60=0,
		histo61=0,
		histo62=0,
		histo63=0,
		histo64=0,
		histo7="0.0155187",
		histo8="0.364429",
		histo9=0];
	_1 -- _2	 [boundary=824];
}
