graph obj8_0 {
	_1	 [dim=64,
		histo1="0.947277",
		histo10=0,
		histo11=0,
		histo12=0,
		histo13=0,
		histo14=0,
		histo15=0,
		histo16=0,
		histo17=0,
		histo18="0.000150852",
		histo19=0,
		histo2="0.00241364",
		histo20=0,
		histo21="0.00150852",
		histo22="0.0144064",
		histo23="0.000603409",
		histo24=0,
		histo25=0,
		histo26="0.00384673",
		histo27="0.000678835",
		histo28=0,
		histo29=0,
		histo3=0,
		histo30=0,
		histo31=0,
		histo32=0,
		histo33=0,
		histo34=0,
		histo35=0,
		histo36=0,
		histo37=0,
		histo38=0,
		histo39="7.54262e-05",
		histo4=0,
		histo40=0,
		histo41=0,
		histo42="0.000377131",
		histo43="0.00165938",
		histo44=0,
		histo45=0,
		histo46=0,
		histo47="0.000377131",
		histo48="7.54262e-05",
		histo49=0,
		histo5="0.0118419",
		histo50=0,
		histo51=0,
		histo52=0,
		histo53=0,
		histo54=0,
		histo55=0,
		histo56=0,
		histo57=0,
		histo58=0,
		histo59=0,
		histo6="0.0144818",
		histo60=0,
		histo61=0,
		histo62=0,
		histo63=0,
		histo64="0.000226278",
		histo7=0,
		histo8=0,
		histo9=0];
	_2	 [dim=64,
		histo1="0.0284709",
		histo10="0.129559",
		histo11="0.150672",
		histo12="0.0454255",
		histo13=0,
		histo14="0.000639795",
		histo15="0.00479846",
		histo16="0.0508637",
		histo17=0,
		histo18=0,
		histo19=0,
		histo2="0.0163148",
		histo20=0,
		histo21=0,
		histo22="0.00351887",
		histo23="0.00447857",
		histo24=0,
		histo25=0,
		histo26="0.0831734",
		histo27="0.0713372",
		histo28="0.0233525",
		histo29=0,
		histo3=0,
		histo30="0.012476",
		histo31="0.00287908",
		histo32="0.00927703",
		histo33=0,
		histo34=0,
		histo35=0,
		histo36=0,
		histo37=0,
		histo38=0,
		histo39=0,
		histo4=0,
		histo40=0,
		histo41=0,
		histo42=0,
		histo43="0.00127959",
		histo44=0,
		histo45=0,
		histo46="0.000319898",
		histo47="0.00415867",
		histo48=0,
		histo49=0,
		histo5="0.1238",
		histo50=0,
		histo51=0,
		histo52=0,
		histo53=0,
		histo54=0,
		histo55=0,
		histo56=0,
		histo57=0,
		histo58=0,
		histo59=0,
		histo6="0.150352",
		histo60=0,
		histo61=0,
		histo62=0,
		histo63=0,
		histo64=0,
		histo7="0.0527831",
		histo8=0,
		histo9="0.0300704"];
	_1 -- _2	 [boundary=686];
}
