graph obj54_90 {
	_1	 [dim=64,
		histo1="0.840965",
		histo10=0,
		histo11=0,
		histo12=0,
		histo13=0,
		histo14=0,
		histo15=0,
		histo16=0,
		histo17=0,
		histo18=0,
		histo19=0,
		histo2="0.0051052",
		histo20=0,
		histo21="0.00433168",
		histo22="0.0362005",
		histo23="0.0295483",
		histo24="0.011448",
		histo25=0,
		histo26="0.00309406",
		histo27="0.0244431",
		histo28="0.00201114",
		histo29=0,
		histo3="0.00665223",
		histo30=0,
		histo31=0,
		histo32=0,
		histo33=0,
		histo34=0,
		histo35=0,
		histo36=0,
		histo37=0,
		histo38=0,
		histo39=0,
		histo4="0.000154703",
		histo40=0,
		histo41=0,
		histo42=0,
		histo43="0.000464109",
		histo44="0.000464109",
		histo45=0,
		histo46=0,
		histo47=0,
		histo48=0,
		histo49=0,
		histo5="0.0177908",
		histo50=0,
		histo51=0,
		histo52=0,
		histo53=0,
		histo54=0,
		histo55=0,
		histo56=0,
		histo57=0,
		histo58=0,
		histo59=0,
		histo6="0.0157797",
		histo60=0,
		histo61=0,
		histo62=0,
		histo63=0,
		histo64=0,
		histo7="0.00123762",
		histo8="0.000309406",
		histo9=0];
	_2	 [dim=64,
		histo1="0.0659274",
		histo10="0.00756048",
		histo11="0.276613",
		histo12="0.0675403",
		histo13=0,
		histo14=0,
		histo15="0.0015121",
		histo16="0.0775202",
		histo17=0,
		histo18=0,
		histo19=0,
		histo2="0.0121976",
		histo20=0,
		histo21=0,
		histo22="0.00110887",
		histo23="0.00262097",
		histo24="0.00201613",
		histo25=0,
		histo26="0.00252016",
		histo27="0.0377016",
		histo28="0.00372984",
		histo29=0,
		histo3="0.0016129",
		histo30=0,
		histo31="0.000806452",
		histo32="0.00322581",
		histo33=0,
		histo34=0,
		histo35=0,
		histo36=0,
		histo37=0,
		histo38=0,
		histo39=0,
		histo4="0.000705645",
		histo40=0,
		histo41=0,
		histo42=0,
		histo43=0,
		histo44=0,
		histo45=0,
		histo46=0,
		histo47=0,
		histo48=0,
		histo49=0,
		histo5="0.0158266",
		histo50=0,
		histo51=0,
		histo52=0,
		histo53=0,
		histo54=0,
		histo55=0,
		histo56=0,
		histo57=0,
		histo58=0,
		histo59=0,
		histo6="0.260383",
		histo60=0,
		histo61=0,
		histo62=0,
		histo63=0,
		histo64=0,
		histo7="0.154839",
		histo8="0.00403226",
		histo9=0];
	_1 -- _2	 [boundary=903];
}
