graph obj87_0 {
	_1	 [dim=64,
		histo1="0.815582",
		histo10=0,
		histo11=0,
		histo12=0,
		histo13=0,
		histo14=0,
		histo15=0,
		histo16=0,
		histo17="0.0899922",
		histo18="0.00498725",
		histo19=0,
		histo2="0.0261554",
		histo20=0,
		histo21="0.00964203",
		histo22="0.0299235",
		histo23=0,
		histo24=0,
		histo25=0,
		histo26=0,
		histo27=0,
		histo28=0,
		histo29=0,
		histo3="0.00265987",
		histo30=0,
		histo31=0,
		histo32=0,
		histo33="0.0107503",
		histo34=0,
		histo35=0,
		histo36=0,
		histo37="0.00620636",
		histo38="0.000443312",
		histo39=0,
		histo4=0,
		histo40=0,
		histo41=0,
		histo42=0,
		histo43=0,
		histo44=0,
		histo45=0,
		histo46=0,
		histo47=0,
		histo48=0,
		histo49=0,
		histo5="0.000110828",
		histo50=0,
		histo51=0,
		histo52=0,
		histo53=0,
		histo54=0,
		histo55=0,
		histo56=0,
		histo57=0,
		histo58=0,
		histo59=0,
		histo6="0.00354649",
		histo60=0,
		histo61=0,
		histo62=0,
		histo63=0,
		histo64=0,
		histo7=0,
		histo8=0,
		histo9=0];
	_2	 [dim=64,
		histo1="0.000543404",
		histo10=0,
		histo11=0,
		histo12=0,
		histo13=0,
		histo14=0,
		histo15=0,
		histo16=0,
		histo17="0.000543404",
		histo18="0.000679256",
		histo19="0.000543404",
		histo2=0,
		histo20=0,
		histo21="0.00108681",
		histo22="0.170086",
		histo23="0.0964543",
		histo24="0.00230947",
		histo25=0,
		histo26="0.000271702",
		histo27="0.00489064",
		histo28=0,
		histo29=0,
		histo3="0.000271702",
		histo30=0,
		histo31=0,
		histo32=0,
		histo33=0,
		histo34=0,
		histo35=0,
		histo36=0,
		histo37="0.00258117",
		histo38="0.0586877",
		histo39="0.0256759",
		histo4=0,
		histo40="0.00842277",
		histo41=0,
		histo42="0.0124983",
		histo43="0.279038",
		histo44="0.0414346",
		histo45=0,
		histo46=0,
		histo47="0.000135851",
		histo48="0.000543404",
		histo49=0,
		histo5=0,
		histo50=0,
		histo51=0,
		histo52=0,
		histo53=0,
		histo54=0,
		histo55=0,
		histo56=0,
		histo57=0,
		histo58="0.000543404",
		histo59="0.0224154",
		histo6=0,
		histo60="0.0244532",
		histo61=0,
		histo62=0,
		histo63="0.0133134",
		histo64="0.23217",
		histo7="0.000407553",
		histo8=0,
		histo9=0];
	_1 -- _2	 [boundary=1021];
}
