graph obj54_120 {
	_1	 [dim=64,
		histo1="0.832641",
		histo10=0,
		histo11=0,
		histo12=0,
		histo13=0,
		histo14=0,
		histo15=0,
		histo16=0,
		histo17=0,
		histo18="0.000180538",
		histo19="0.000180538",
		histo2="0.00938798",
		histo20=0,
		histo21="0.00812421",
		histo22="0.0465788",
		histo23="0.0126377",
		histo24="0.011735",
		histo25=0,
		histo26="0.00487453",
		histo27="0.00343022",
		histo28="0.0037913",
		histo29=0,
		histo3="0.00324968",
		histo30=0,
		histo31=0,
		histo32=0,
		histo33=0,
		histo34=0,
		histo35=0,
		histo36=0,
		histo37=0,
		histo38=0,
		histo39=0,
		histo4="0.00090269",
		histo40="0.000180538",
		histo41=0,
		histo42=0,
		histo43="0.000180538",
		histo44="0.000541614",
		histo45=0,
		histo46=0,
		histo47="0.000180538",
		histo48=0,
		histo49=0,
		histo5="0.0189565",
		histo50=0,
		histo51=0,
		histo52=0,
		histo53=0,
		histo54=0,
		histo55=0,
		histo56=0,
		histo57=0,
		histo58=0,
		histo59=0,
		histo6="0.0404405",
		histo60=0,
		histo61=0,
		histo62=0,
		histo63=0,
		histo64=0,
		histo7="0.00108323",
		histo8="0.000722152",
		histo9=0];
	_2	 [dim=64,
		histo1="0.0397418",
		histo10="0.0569848",
		histo11="0.334255",
		histo12="0.0448133",
		histo13=0,
		histo14=0,
		histo15="0.00276625",
		histo16="0.0897188",
		histo17=0,
		histo18=0,
		histo19=0,
		histo2="0.00580913",
		histo20=0,
		histo21=0,
		histo22=0,
		histo23="0.000922084",
		histo24="0.00055325",
		histo25=0,
		histo26="0.00055325",
		histo27="0.0204703",
		histo28="0.00451821",
		histo29=0,
		histo3="0.00175196",
		histo30=0,
		histo31="0.00378054",
		histo32="0.00479484",
		histo33=0,
		histo34=0,
		histo35=0,
		histo36=0,
		histo37=0,
		histo38=0,
		histo39=0,
		histo4="0.000368834",
		histo40=0,
		histo41=0,
		histo42=0,
		histo43=0,
		histo44=0,
		histo45=0,
		histo46=0,
		histo47=0,
		histo48=0,
		histo49=0,
		histo5="0.00691563",
		histo50=0,
		histo51=0,
		histo52=0,
		histo53=0,
		histo54=0,
		histo55=0,
		histo56=0,
		histo57=0,
		histo58=0,
		histo59=0,
		histo6="0.328354",
		histo60=0,
		histo61=0,
		histo62=0,
		histo63=0,
		histo64=0,
		histo7="0.0510834",
		histo8="0.00184417",
		histo9=0];
	_1 -- _2	 [boundary=951];
}
