graph obj8_30 {
	_1	 [dim=64,
		histo1="0.954747",
		histo10=0,
		histo11=0,
		histo12=0,
		histo13=0,
		histo14=0,
		histo15=0,
		histo16=0,
		histo17=0,
		histo18=0,
		histo19=0,
		histo2="0.00172893",
		histo20=0,
		histo21="0.000300684",
		histo22="0.00819364",
		histo23="0.000902052",
		histo24=0,
		histo25=0,
		histo26="0.000902052",
		histo27="0.00217996",
		histo28=0,
		histo29=0,
		histo3=0,
		histo30=0,
		histo31=0,
		histo32=0,
		histo33=0,
		histo34=0,
		histo35=0,
		histo36=0,
		histo37=0,
		histo38=0,
		histo39=0,
		histo4=0,
		histo40=0,
		histo41=0,
		histo42="0.000451026",
		histo43="0.00142825",
		histo44="0.000526197",
		histo45=0,
		histo46=0,
		histo47="0.000601368",
		histo48="7.5171e-05",
		histo49=0,
		histo5="0.00947155",
		histo50=0,
		histo51=0,
		histo52=0,
		histo53=0,
		histo54=0,
		histo55=0,
		histo56=0,
		histo57=0,
		histo58=0,
		histo59=0,
		histo6="0.0184169",
		histo60=0,
		histo61=0,
		histo62=0,
		histo63=0,
		histo64=0,
		histo7="7.5171e-05",
		histo8=0,
		histo9=0];
	_2	 [dim=64,
		histo1="0.0421941",
		histo10="0.15839",
		histo11="0.103862",
		histo12="0.0344044",
		histo13=0,
		histo14="0.0587472",
		histo15="0.00519312",
		histo16="0.055826",
		histo17=0,
		histo18=0,
		histo19=0,
		histo2="0.00486855",
		histo20=0,
		histo21="0.00162285",
		histo22="0.00357027",
		histo23="0.00032457",
		histo24=0,
		histo25="0.00064914",
		histo26="0.0610191",
		histo27="0.0421941",
		histo28="0.0116845",
		histo29=0,
		histo3=0,
		histo30="0.0610191",
		histo31="0.00908796",
		histo32="0.0217462",
		histo33=0,
		histo34=0,
		histo35=0,
		histo36=0,
		histo37=0,
		histo38=0,
		histo39=0,
		histo4=0,
		histo40=0,
		histo41=0,
		histo42="0.00162285",
		histo43="0.00097371",
		histo44=0,
		histo45=0,
		histo46="0.00129828",
		histo47="0.00421941",
		histo48="0.00064914",
		histo49=0,
		histo5="0.160338",
		histo50=0,
		histo51=0,
		histo52=0,
		histo53=0,
		histo54=0,
		histo55=0,
		histo56=0,
		histo57=0,
		histo58=0,
		histo59=0,
		histo6="0.088283",
		histo60=0,
		histo61=0,
		histo62=0,
		histo63="0.00032457",
		histo64=0,
		histo7="0.0288867",
		histo8=0,
		histo9="0.037001"];
	_1 -- _2	 [boundary=673];
}
