graph obj17_315 {
	_1	 [dim=64,
		histo1="0.932301",
		histo10=0,
		histo11=0,
		histo12=0,
		histo13=0,
		histo14=0,
		histo15=0,
		histo16=0,
		histo17="0.0130124",
		histo18=0,
		histo19=0,
		histo2="0.0085899",
		histo20=0,
		histo21="0.00586835",
		histo22="0.00688893",
		histo23="0.000170097",
		histo24=0,
		histo25=0,
		histo26="0.000170097",
		histo27="0.00170097",
		histo28=0,
		histo29=0,
		histo3=0,
		histo30=0,
		histo31=0,
		histo32=0,
		histo33=0,
		histo34=0,
		histo35=0,
		histo36=0,
		histo37="0.0147134",
		histo38="0.00178602",
		histo39=0,
		histo4=0,
		histo40=0,
		histo41="0.000255145",
		histo42="0.00187107",
		histo43="0.00161592",
		histo44="0.00153087",
		histo45=0,
		histo46=0,
		histo47="8.50485e-05",
		histo48="0.00212621",
		histo49=0,
		histo5="0.000170097",
		histo50=0,
		histo51=0,
		histo52=0,
		histo53="8.50485e-05",
		histo54=0,
		histo55=0,
		histo56=0,
		histo57="0.000255145",
		histo58="0.000170097",
		histo59="0.000425242",
		histo6="0.00484776",
		histo60=0,
		histo61=0,
		histo62=0,
		histo63="8.50485e-05",
		histo64="0.00127573",
		histo7=0,
		histo8=0,
		histo9=0];
	_2	 [dim=64,
		histo1="0.0205361",
		histo10=0,
		histo11="0.0711198",
		histo12="0.372028",
		histo13=0,
		histo14=0,
		histo15=0,
		histo16="0.00540424",
		histo17=0,
		histo18=0,
		histo19=0,
		histo2="0.0415045",
		histo20=0,
		histo21=0,
		histo22="0.000216169",
		histo23="0.00453956",
		histo24="0.00194553",
		histo25=0,
		histo26=0,
		histo27="0.0149157",
		histo28="0.0328578",
		histo29=0,
		histo3="0.0121055",
		histo30=0,
		histo31=0,
		histo32="0.00302637",
		histo33=0,
		histo34=0,
		histo35=0,
		histo36=0,
		histo37=0,
		histo38=0,
		histo39=0,
		histo4=0,
		histo40=0,
		histo41=0,
		histo42=0,
		histo43=0,
		histo44="0.00302637",
		histo45=0,
		histo46=0,
		histo47=0,
		histo48="0.00540424",
		histo49=0,
		histo5=0,
		histo50=0,
		histo51=0,
		histo52=0,
		histo53=0,
		histo54=0,
		histo55=0,
		histo56=0,
		histo57=0,
		histo58=0,
		histo59=0,
		histo6="0.0955469",
		histo60=0,
		histo61=0,
		histo62=0,
		histo63=0,
		histo64=0,
		histo7="0.303502",
		histo8="0.0123217",
		histo9=0];
	_1 -- _2	 [boundary=535];
}
