graph obj72_0 {
	_1	 [dim=64,
		histo1="0.791069",
		histo10=0,
		histo11=0,
		histo12=0,
		histo13=0,
		histo14=0,
		histo15=0,
		histo16=0,
		histo17="0.0122198",
		histo18="0.0062477",
		histo19="0.00431827",
		histo2="0.0574237",
		histo20=0,
		histo21="0.00257258",
		histo22="0.0680816",
		histo23="0.00266446",
		histo24=0,
		histo25=0,
		histo26=0,
		histo27=0,
		histo28=0,
		histo29=0,
		histo3="0.0449283",
		histo30=0,
		histo31=0,
		histo32=0,
		histo33=0,
		histo34=0,
		histo35=0,
		histo36=0,
		histo37=0,
		histo38=0,
		histo39=0,
		histo4="0.000275634",
		histo40=0,
		histo41=0,
		histo42=0,
		histo43=0,
		histo44=0,
		histo45=0,
		histo46=0,
		histo47=0,
		histo48=0,
		histo49=0,
		histo5="0.00174568",
		histo50=0,
		histo51=0,
		histo52=0,
		histo53=0,
		histo54=0,
		histo55=0,
		histo56=0,
		histo57=0,
		histo58=0,
		histo59=0,
		histo6="0.00808526",
		histo60=0,
		histo61=0,
		histo62=0,
		histo63=0,
		histo64=0,
		histo7="0.000367512",
		histo8=0,
		histo9=0];
	_2	 [dim=64,
		histo1="0.000909091",
		histo10=0,
		histo11=0,
		histo12=0,
		histo13=0,
		histo14=0,
		histo15=0,
		histo16=0,
		histo17="0.00654545",
		histo18="0.000727273",
		histo19="0.0158182",
		histo2="0.000363636",
		histo20="0.000363636",
		histo21="0.002",
		histo22="0.306",
		histo23="0.142182",
		histo24="0.0136364",
		histo25=0,
		histo26="0.000545455",
		histo27="0.00927273",
		histo28="0.000181818",
		histo29=0,
		histo3="0.00363636",
		histo30=0,
		histo31=0,
		histo32=0,
		histo33=0,
		histo34=0,
		histo35=0,
		histo36=0,
		histo37=0,
		histo38="0.014",
		histo39="0.0147273",
		histo4="0.00109091",
		histo40="0.00654545",
		histo41=0,
		histo42="0.00509091",
		histo43="0.182909",
		histo44="0.0350909",
		histo45=0,
		histo46=0,
		histo47=0,
		histo48="0.000545455",
		histo49=0,
		histo5="0.000545455",
		histo50=0,
		histo51=0,
		histo52=0,
		histo53=0,
		histo54=0,
		histo55=0,
		histo56=0,
		histo57=0,
		histo58=0,
		histo59="0.0212727",
		histo6="0.000363636",
		histo60="0.0138182",
		histo61=0,
		histo62=0,
		histo63="0.0109091",
		histo64="0.189818",
		histo7="0.00109091",
		histo8=0,
		histo9=0];
	_1 -- _2	 [boundary=1529];
}
