graph obj8_15 {
	_1	 [dim=64,
		histo1="0.958097",
		histo10=0,
		histo11=0,
		histo12=0,
		histo13=0,
		histo14=0,
		histo15=0,
		histo16=0,
		histo17=0,
		histo18=0,
		histo19=0,
		histo2="0.00439494",
		histo20=0,
		histo21="0.000530424",
		histo22="0.00954762",
		histo23="0.000985072",
		histo24=0,
		histo25=0,
		histo26="0.000833523",
		histo27="0.000985072",
		histo28=0,
		histo29=0,
		histo3=0,
		histo30=0,
		histo31=0,
		histo32=0,
		histo33=0,
		histo34=0,
		histo35=0,
		histo36=0,
		histo37=0,
		histo38=0,
		histo39=0,
		histo4=0,
		histo40=0,
		histo41=0,
		histo42="0.000530424",
		histo43="0.00128817",
		histo44=0,
		histo45=0,
		histo46=0,
		histo47="0.000378874",
		histo48=0,
		histo49=0,
		histo5="0.00681973",
		histo50=0,
		histo51=0,
		histo52=0,
		histo53=0,
		histo54=0,
		histo55=0,
		histo56=0,
		histo57=0,
		histo58=0,
		histo59=0,
		histo6="0.0155338",
		histo60=0,
		histo61=0,
		histo62=0,
		histo63=0,
		histo64=0,
		histo7="7.57748e-05",
		histo8=0,
		histo9=0];
	_2	 [dim=64,
		histo1="0.0476938",
		histo10="0.149671",
		histo11="0.100094",
		histo12="0.0401632",
		histo13=0,
		histo14="0.0285535",
		histo15="0.00407907",
		histo16="0.0630687",
		histo17=0,
		histo18=0,
		histo19=0,
		histo2="0.00909947",
		histo20=0,
		histo21="0.00188265",
		histo22="0.00784437",
		histo23="0.000313775",
		histo24=0,
		histo25=0,
		histo26="0.0718544",
		histo27="0.0545968",
		histo28="0.0203954",
		histo29=0,
		histo3=0,
		histo30="0.0363979",
		histo31="0.00627549",
		histo32="0.0257295",
		histo33=0,
		histo34=0,
		histo35=0,
		histo36=0,
		histo37=0,
		histo38=0,
		histo39=0,
		histo4=0,
		histo40=0,
		histo41=0,
		histo42="0.00156887",
		histo43="0.00313775",
		histo44="0.000627549",
		histo45=0,
		histo46=0,
		histo47="0.0037653",
		histo48="0.000941324",
		histo49=0,
		histo5="0.140571",
		histo50=0,
		histo51=0,
		histo52=0,
		histo53=0,
		histo54=0,
		histo55=0,
		histo56=0,
		histo57=0,
		histo58=0,
		histo59=0,
		histo6="0.107625",
		histo60=0,
		histo61=0,
		histo62=0,
		histo63=0,
		histo64=0,
		histo7="0.0401632",
		histo8=0,
		histo9="0.0338877"];
	_1 -- _2	 [boundary=654];
}
