graph obj87_90 {
	_1	 [dim=64,
		histo1="0.84401",
		histo10=0,
		histo11=0,
		histo12=0,
		histo13=0,
		histo14=0,
		histo15=0,
		histo16=0,
		histo17="0.0803819",
		histo18="0.00754968",
		histo19=0,
		histo2="0.00932608",
		histo20=0,
		histo21="0.0309759",
		histo22="0.0204286",
		histo23=0,
		histo24=0,
		histo25=0,
		histo26=0,
		histo27=0,
		histo28=0,
		histo29=0,
		histo3=0,
		histo30=0,
		histo31=0,
		histo32=0,
		histo33="0.000555124",
		histo34=0,
		histo35=0,
		histo36=0,
		histo37="0.000999223",
		histo38=0,
		histo39=0,
		histo4=0,
		histo40=0,
		histo41=0,
		histo42=0,
		histo43=0,
		histo44=0,
		histo45=0,
		histo46=0,
		histo47=0,
		histo48=0,
		histo49=0,
		histo5="0.000111025",
		histo50=0,
		histo51=0,
		histo52=0,
		histo53=0,
		histo54=0,
		histo55=0,
		histo56=0,
		histo57=0,
		histo58=0,
		histo59=0,
		histo6="0.00566226",
		histo60=0,
		histo61=0,
		histo62=0,
		histo63=0,
		histo64=0,
		histo7=0,
		histo8=0,
		histo9=0];
	_2	 [dim=64,
		histo1=0,
		histo10=0,
		histo11=0,
		histo12=0,
		histo13=0,
		histo14=0,
		histo15=0,
		histo16=0,
		histo17="0.000271113",
		histo18="0.000135556",
		histo19="0.00122001",
		histo2="0.000948895",
		histo20="0.000271113",
		histo21="0.00664227",
		histo22="0.166734",
		histo23="0.0688627",
		histo24="0.00366002",
		histo25=0,
		histo26="0.000135556",
		histo27="0.0062356",
		histo28=0,
		histo29=0,
		histo3="0.000135556",
		histo30=0,
		histo31=0,
		histo32=0,
		histo33=0,
		histo34=0,
		histo35=0,
		histo36=0,
		histo37="0.000677782",
		histo38="0.0726583",
		histo39="0.0162668",
		histo4=0,
		histo40="0.00650671",
		histo41=0,
		histo42="0.0254846",
		histo43="0.316795",
		histo44="0.0405314",
		histo45=0,
		histo46=0,
		histo47="0.000135556",
		histo48="0.00108445",
		histo49=0,
		histo5=0,
		histo50=0,
		histo51=0,
		histo52=0,
		histo53=0,
		histo54=0,
		histo55=0,
		histo56=0,
		histo57=0,
		histo58=0,
		histo59="0.0231802",
		histo6="0.000406669",
		histo60="0.0253491",
		histo61=0,
		histo62=0,
		histo63="0.00881117",
		histo64="0.206724",
		histo7="0.000135556",
		histo8=0,
		histo9=0];
	_1 -- _2	 [boundary=865];
}
