graph obj8_255 {
	_1	 [dim=64,
		histo1="0.909383",
		histo10=0,
		histo11=0,
		histo12=0,
		histo13=0,
		histo14=0,
		histo15=0,
		histo16=0,
		histo17="0.000713521",
		histo18=0,
		histo19=0,
		histo2="0.00297301",
		histo20=0,
		histo21="0.00689737",
		histo22="0.041741",
		histo23="0.000356761",
		histo24=0,
		histo25=0,
		histo26="0.00166488",
		histo27="0.00225948",
		histo28=0,
		histo29=0,
		histo3=0,
		histo30=0,
		histo31=0,
		histo32=0,
		histo33=0,
		histo34=0,
		histo35=0,
		histo36=0,
		histo37=0,
		histo38="0.0017838",
		histo39=0,
		histo4=0,
		histo40=0,
		histo41=0,
		histo42="0.000594601",
		histo43="0.0111785",
		histo44="0.00011892",
		histo45=0,
		histo46=0,
		histo47="0.00011892",
		histo48="0.000713521",
		histo49=0,
		histo5="0.00725413",
		histo50=0,
		histo51=0,
		histo52=0,
		histo53=0,
		histo54=0,
		histo55=0,
		histo56=0,
		histo57=0,
		histo58=0,
		histo59="0.000594601",
		histo6="0.00808657",
		histo60="0.00011892",
		histo61=0,
		histo62=0,
		histo63="0.00011892",
		histo64="0.00332977",
		histo7=0,
		histo8=0,
		histo9=0];
	_2	 [dim=64,
		histo1="0.237947",
		histo10="0.0901838",
		histo11="0.000346861",
		histo12=0,
		histo13=0,
		histo14=0,
		histo15=0,
		histo16=0,
		histo17=0,
		histo18=0,
		histo19=0,
		histo2="0.00589664",
		histo20=0,
		histo21="0.00104058",
		histo22="0.0228928",
		histo23="0.00104058",
		histo24=0,
		histo25=0,
		histo26="0.101977",
		histo27="0.0638224",
		histo28=0,
		histo29=0,
		histo3=0,
		histo30=0,
		histo31=0,
		histo32=0,
		histo33=0,
		histo34=0,
		histo35=0,
		histo36=0,
		histo37=0,
		histo38=0,
		histo39=0,
		histo4=0,
		histo40=0,
		histo41=0,
		histo42=0,
		histo43="0.0156087",
		histo44="0.000346861",
		histo45=0,
		histo46=0,
		histo47="0.0017343",
		histo48="0.00416233",
		histo49=0,
		histo5="0.330212",
		histo50=0,
		histo51=0,
		histo52=0,
		histo53=0,
		histo54=0,
		histo55=0,
		histo56=0,
		histo57=0,
		histo58=0,
		histo59=0,
		histo6="0.089837",
		histo60=0,
		histo61=0,
		histo62=0,
		histo63=0,
		histo64=0,
		histo7=0,
		histo8=0,
		histo9="0.0329518"];
	_1 -- _2	 [boundary=508];
	_3	 [dim=64,
		histo1="0.0243519",
		histo10="0.000392773",
		histo11="0.119992",
		histo12="0.104281",
		histo13=0,
		histo14=0,
		histo15=0,
		histo16="0.166536",
		histo17=0,
		histo18=0,
		histo19=0,
		histo2="0.0267086",
		histo20=0,
		histo21=0,
		histo22="0.000392773",
		histo23="0.00137471",
		histo24=0,
		histo25=0,
		histo26=0,
		histo27="0.109976",
		histo28="0.0569521",
		histo29=0,
		histo3=0,
		histo30=0,
		histo31="0.00314218",
		histo32="0.139827",
		histo33=0,
		histo34=0,
		histo35=0,
		histo36=0,
		histo37=0,
		histo38=0,
		histo39=0,
		histo4=0,
		histo40=0,
		histo41=0,
		histo42=0,
		histo43="0.00255302",
		histo44="0.00608798",
		histo45=0,
		histo46=0,
		histo47=0,
		histo48="0.00785546",
		histo49=0,
		histo5="0.000196386",
		histo50=0,
		histo51=0,
		histo52=0,
		histo53=0,
		histo54=0,
		histo55=0,
		histo56=0,
		histo57=0,
		histo58=0,
		histo59=0,
		histo6="0.194226",
		histo60=0,
		histo61=0,
		histo62=0,
		histo63=0,
		histo64=0,
		histo7="0.0351532",
		histo8=0,
		histo9=0];
	_1 -- _3	 [boundary=250];
	_2 -- _3	 [boundary=461];
}
